96
01
838
66
43
339
25
20
479
40
82
459
19
47
926
65
84
41
32
38
913
30
24
128
95
44
378
32
24
299
57
61
525
51
30
457
72
95
054
53
49
598
78
74
075
92
21
716
76
04
281
55
16
875
91
05
954
45
25
384
85
21
518
29
70
617
22
76
403
21
41
529
49
69
230
28
83
675
16
76
44
72
41
877
23
00
757
82
58
568
59
25
848
43
35
301
69
56
859
75
50
182
58
31
500
82
27
531
21
75
445
96
82
812
24
42
393
98
44
894
85
36
152
89
58
305
47
43
662
97
35
031
32
58
644
22
73
329
69
35
124
10
29
792
78
50
638
41
04
544
13
12
359
30
40
354
77
20
310
42
79
932
17
95
701
70
44
958
10
25
109
69
34
393
33
32
861
51
14
746
34
97
595
68
88
577
89
99
166
12
91
390
49
57
708
12
99
630
26
68
113
79
32
41
58
94
992
91
60
694
29
59
0
38
09
396
59
66
368
77
21
357
28
65
945
56
38
31
12
75
902
42
55
745
54
45
329
83
92
765
92
29
055
46
43
338
92
18
437
73
86
514
79
14
394
39
17
400
35
86
813
26
98
819
42
62
972
41
09
262
57
90
373
11
50
124
15
79
86
21
98
984
30
27
457
57
53
218
90
41
019
73
39
259
91
13
569
86
62
883
22
48
690
56
53
248
46
78
323
31
90
243
56
48
93
79
89
905
95
44
388
74
98
468
54
56
749
73
21
63
78
58
170
16
50
643
19
41
682
44
81
158
52
62
906
90
18
83
17
83
836
22
64
730
66
89
028
43
28
269
64
23
00
59
74
000
30
35
922
39
98
15
35
97
616
85
81
499
70
56
89
39
68
685
92
00
144
91
68
923
95
85
299
60
91
550
41
00
670
12
30
596
67
57
162
46
69
183
44
49
131
36
36
630
41
62
732
56
23
502
95
70
0
41
39
826
41
31
367
64
13
081
54
12
448
32
40
385
24
45
915
26
54
290
31
01
719
58
44
548
78
22
600
73
54
57
65
84
952
66
40
02
84
21
922
11
35
073
23
93
020
88
30
803
54
06
445
80
94
928
54
39
5
76
37
632
97
49
495
83
27
992
15
27
213
23
41
285
25
75
44
64
45
702
63
03
132
73
08
613
12
47
932
33
52
362
56
49
013
38
34
018
20
03
364
82
44
674
96
62
024
11
25
661
42
61
228
53
83
882
72
51
07
80
59
396
43
12
31
46
32
702
85
37
296
35
00
716
12
62
144
57
23
056
87
06
059
59
10
276
21
25
706
69
26
846
41
84
01
90
12
897
63
93
221
96
79
745
84
67
584
84
86
190
93
14
64
71
95
346
97
78
343
24
85
667
66
79
686
91
13
794
33
96
73
37
77
584
23
16
852
24
51
967
34
55
02
17
47
623
64
45
214
71
22
470
85
14
157
35
34
907
41
53
744
26
77
737
91
34
48
81
00
159
56
45
424
32
12
865
29
64
981
48
73
503
39
63
757
19
62
356
25
65
155
41
17
999
26
58
535
83
56
885
72
91
758
39
68
208
16
77
449
12
69
658
42
34
665
47
62
382
55
09
233
59
69
227
98
63
984
62
73
758
35
47
739
71
48
176
95
82
491
84
14
626
34
21
864
29
56
338
92
10
925
25
23
454
88
79
242
50
66
480
17
03
774
14
87
415
74
21
866
57
02
501
31
19
170
24
19
127
15
55
998
49
74
782
19
76
082
54
06
983
81
32
646
93
58
934
37
45
560
27
15
271
17
51
748
87
59
097
75
39
969
77
37
909
77
66
380
54
40
848
17
46
40
47
26
133
69
05
363
27
30
095
40
20
644
35
83
349
72
03
920
29
27
719
79
77
884
84
56
811
23
23
215
38
50
286
23
09
256
10
33
376
20
00
261
28
42
446
31
92
463
37
92
06
20
21
106
40
08
151
43
17
97
51
26
5
89
22
141
92
56
930
48
43
685
75
62
686
92
78
186
12
89
352
47
47
456
13
39
102
90
21
133
25
17
030
34
28
708
48
38
730
47
30
462
79
39
044
34
54
610
91
62
377
33
51
44
68
42
62
70
43
952
57
24
123
58
31
600
17
55
449
13
60
430
30
01
940
46
24
328
84
31
457
44
79
231
34
63
694
29
75
243
77
05
564
51
71
144
19
46
908
69
32
247
62
27
383
96
60
014
13
13
762
98
77
56
12
18
22
75
24
045
88
51
106
53
23
759
79
49
945
54
24
61
65
67
146
99
68
653
43
54
639
15
76
368
82
56
001
63
11
962
98
51
800
52
44
167
38
48
974
23
54
615
44
10
796
74
51
749
61
46
003
71
72
366
80
18
259
85
67
533
92
51
399
94
90
30
80
09
168
32
73
909
30
35
255
75
11
319
17
55
252
35
59
294
90
00
613
58
06
670
57
50
941
55
30
695
77
52
377
93
31
715
76
44
930
58
97
649
51
78
092
75
80
953
60
42
710
49
09
960
58
30
253
19
82
265
34
59
424
44
51
473
29
43
492
76
07
208
81
32
901
32
52
124
93
65
664
91
22
01
68
58
381
91
53
046
97
00
853
72
63
640
44
75
430
25
20
167
57
65
126
46
25
735
12
46
846
67
07
749
70
91
831
78
11
660
18
04
424
88
84
46
32
83
19
35
60
722
62
37
579
20
97
706
50
48
239
49
91
620
57
29
871
93
17
784
76
62
224
38
02
896
11
84
444
91
39
70
65
50
96
18
52
456
83
51
657
35
67
023
68
87
633
47
40
542
36
73
156
20
10
886
69
70
450
46
60
066
28
92
698
23
54
473
43
64
341
38
60
512
88
73
093
61
12
813
29
81
890
42
03
471
93
99
366
90
36
273
26
39
166
49
16
171
56
29
102
65
58
389
85
82
772
37
32
285
81
97
938
70
16
436
58
22
860
96
47
91
66
52
159
41
45
721
73
61
823
66
41
595
37
42
066
96
14
173
69
64
101
10
35
87
82
62
047
56
88
62
54
21
09
63
42
92
16
37
415
64
62
118
22
78
796
57
48
021
14
25
179
78
69
187
40
59
813
94
30
169
56
86
692
59
29
614
74
30
025
34
67
587
65
60
125
76
93
730
19
50
826
81
30
33
64
68
409
36
36
961
69
35
555
38
03
774
86
26
549
39
31
815
65
57
083
11
55
054
51
94
897
50
17
536
44
08
118
60
29
579
75
70
234
32
60
432
20
48
979
47
06
597
16
57
949
93
72
309
59
10
381
11
86
264
79
79
094
85
01
620
82
45
111
34
12
658
65
71
0
51
93
025
21
56
061
87
91
748
70
20
659
63
16
251
79
01
130
68
62
568
35
01
597
97
00
465
32
88
126
10
91
624
31
23
5
75
73
432
67
96
141
99
24
00
54
95
579
28
44
464
84
08
792
66
22
039
76
46
199
67
08
836
72
05
903
83
60
430
31
70
218
24
16
817
57
09
564
96
38
277
51
53
385
63
48
340
63
98
428
98
14
817
51
47
582
55
05
804
44
04
756
60
09
041
72
90
50
94
84
389
94
44
283
95
92
421
55
78
717
37
42
377
15
31
942
10
30
126
38
39
385
23
96
012
22
86
359
36
37
599
27
63
684
24
27
41
46
57
201
60
31
487
61
66
406
39
13
819
67
51
166
74
56
6
32
35
565
96
93
256
59
07
074
61
09
363
88
08
52
77
32
478
63
59
567
12
33
434
60
99
122
65
16
363
11
47
646
74
16
196
54
08
221
97
59
776
89
91
078
10
13
119
50
72
598
45
90
137
49
45
284
93
01
451
55
98
992
83
58
601
89
99
395
21
98
362
68
74
07
81
90
574
15
48
578
48
69
612
91
06
457
42
76
648
27
66
187
41
35
823
22
63
122
54
76
965
74
51
528
48
37
055
49
12
745
68
93
360
65
18
709
67
22
791
54
08
460
24
76
691
19
91
88
57
90
883
57
64
529
48
96
166
64
17
454
33
42
622
84
40
716
61
26
81
87
41
949
53
58
748
56
93
940
30
95
162
29
13
720
59
90
397
61
21
651
74
46
713
56
44
573
25
59
999
46
39
162
55
12
120
74
84
077
42
39
191
22
68
618
83
95
527
66
96
906
33
29
021
30
83
768
21
56
460
58
48
133
71
40
352
80
56
026
90
21
819
97
71
00
85
08
831
65
74
394
11
05
424
58
19
363
28
64
27
69
87
383
29
40
446
92
18
560
50
18
56
89
48
862
73
21
809
79
47
642
99
92
488
22
35
315
61
41
392
34
71
018
94
40
55
78
19
233
34
55
806
62
82
254
45
48
536
20
32
320
38
77
784
48
93
482
64
16
977
70
04
118
37
27
784
14
01
624
79
83
94
86
86
822
98
78
609
66
70
369
92
93
314
36
05
868
38
95
346
96
89
422
17
50
679
60
90
334
14
11
217
71
59
888
13
90
602
78
80
193
81
39
043
97
86
150
39
96
900
94
39
216
51
84
139
51
97
711
86
58
378
21
05
321
48
17
254
38
04
04
59
45
839
20
06
82
29
47
782
66
80
656
56
97
414
68
63
671
78
35
972
33
10
690
16
89
836
65
84
974
22
46
878
70
75
780
39
08
99
75
45
543
38
50
320
66
81
441
43
14
695
26
14
272
29
01
063
26
93
520
34
44
482
34
92
988
56
63
026
59
86
043
90
90
314
14
57
937
73
58
771
35
21
535
34
95
828
84
13
199
59
50
734
36
34
206
23
53
794
56
34
36
19
59
540
82
96
288
86
86
861
91
27
293
11
92
830
99
65
965
48
35
80
20
83
690
20
71
280
87
93
684
19
02
139
14
97
957
64
22
302
66
11
528
37
28
642
72
38
502
76
69
068
45
83
80
98
45
616
31
40
41
66
67
739
35
81
323
20
86
735
29
46
666
69
97
114
96
47
327
37
50
113
42
31
992
56
25
501
57
06
472
26
73
262
65
32

93
48
548
48
31
229
93
63
768
91
59
371
71
74
368
97
05
593
42
86
95
32
01
838
63
65
441
53
58
711
50
47
639
48
03
821
57
69
191
77
14
744
44
41
162
59
86
987
25
36
520
67
52
622
92
22
497
64
84
675
42
71
089
31
36
540
24
52
468
89
35
261
78
99
051
58
95
168
26
75
905
25
82
113
69
64
609
78
52
87
50
94
80
62
27
716
32
68
576
65
97
053
91
20
167
19
74
910
38
06
098
51
69
893
70
74
651
22
31
088
26
77
35
94
95
271
38
73
55
77
89
554
38
87
703
58
26
056
69
17
772
86
75
251
53
64
381
43
59
432
64
49
091
81
46
774
12
71
333
49
39
885
98
67
216
38
59
397
75
75
729
57
44
461
32
11
854
80
31
876
61
51
69
71
47
024
22
01
720
20
94
7
60
46
206
53
87
063
16
11
49
11
49
849
53
83
445
35
66
66
64
20
506
88
05
369
72
26
499
88
27
341
34
06
320
84
66
81
90
56
190
97
84
287
81
92
640
26
53
398
64
53
126
18
77
015
30
95
635
94
41
172
58
68
552
84
67
039
25
61
732
80
84
911
34
36
84
15
54
152
15
45
587
39
59
397
11
37
737
75
16
865
86
26
259
13
34
028
42
50
203
33
40
562
72
27
215
35
75
119
25
53
315
69
32
562
79
80
424
52
57
558
12
86
833
29
82
16
71
04
107
78
91
07
96
02
822
53
04
56
45
21
79
76
75
775
23
89
874
45
91
849
95
45
439
52
59
112
70
01
037
85
07
242
13
20
404
95
27
398
80
78
567
20
28
550
39
23
384
48
47
992
44
61
39
62
48
837
36
07
747
28
19
651
82
14
581
14
08
972
33
38
528
95
89
016
30
48
111
63
45
509
77
64
415
53
62
148
65
75
01
25
75
514
68
18
59
34
03
550
22
82
50
50
27
000
64
17
896
34
95
164
53
15
251
21
58
763
42
02
718
74
84
709
22
87
632
45
01
093
24
16
789
74
61
956
42
47
783
74
69
086
98
03
122
67
25
779
10
00
712
13
44
847
92
85
740
83
28
455
40
88
058
46
74
625
27
54
816
53
17
493
95
06
83
37
15
506
86
89
187
64
35
579
94
77
726
10
65
541
24
95
350
41
80
087
50
92
142
90
98
398
50
91
542
68
11
62
80
05
286
22
55
979
43
77
636
38
30
676
32
73
473
44
49
112
65
71
896
61
37
202
38
02
525
16
86
781
13
03
318
81
37
937
13
96
992
48
24
562
90
07
787
94
48
665
84
70
567
27
94
123
77
28
439
63
56
839
34
18
42
76
15
691
58
72
455
91
03
643
44
26
788
33
62
802
45
74
684
60
32
581
54
76
570
27
13
812
23
73
966
37
02
273
39
96
063
53
33
546
80
93
919
28
87
465
34
37
452
62
99
740
76
77
967
44
33
417
14
90
115
15
46
043
45
99
53
36
63
850
61
58
498
15
66
112
49
75
236
44
05
156
96
01
264
18
05
900
41
10
27
77
08
092
55
00
437
35
33
889
45
34
620
17
34
186
35
33
581
63
01
094
48
97
568
38
96
455
80
70
353
64
78
738
20
43
504
23
54
462
16
05
193
83
09
012
78
58
575
46
59
138
34
18
393
60
23
409
87
64
612
55
31
673
40
97
491
96
45
688
52
27
34
98
03
658
26
97
602
86
91
090
77
60
798
13
62
189
59
52
555
61
84
434
25
37
386
19
00
684
61
98
759
78
20
659
93
52
353
72
17
097
15
98
483
21
18
159
92
50
160
46
85
637
85
72
50
73
88
490
52
36
990
93
94
00
82
43
712
12
66
573
95
73
030
67
67
321
31
02
515
23
91
593
91
08
562
71
01
667
98
03
929
87
34
908
73
04
755
60
01
573
99
77
448
37
87
845
97
96
040
56
37
207
84
50
405
40
13
188
91
00
429
57
61
357
24
60
614
34
84
614
31
18
413
80
14
103
65
53
73
48
80
315
77
76
513
80
44
999
45
74
383
59
39
118
50
07
914
35
98
168
59
29
834
50
24
045
20
23
611
98
06
624
60
62
216
11
56
240
57
91
447
89
67
456
95
21
633
36
82
986
45
81
816
28
76
421
76
41
536
90
28
476
41
32
734
62
60
975
28
85
943
46
02
246
95
05
18
98
45
707
86
91
832
12
25
902
55
47
849
73
86
247
40
46
026
11
87
428
21
61
44
65
99
241
45
77
130
30
08
179
82
08
502
97
06
757
45
55
409
25
28
745
99
73
365
24
26
155
29
68
016
90
85
896
14
10
330
28
76
222
84
78
670
66
23
286
70
36
615
96
81
142
24
35
863
98
59
833
32
57
062
84
04
357
80
88
010
42
91
517
22
13
507
10
05
700
96
95
293
94
79
963
77
46
269
28
07
414
85
36
912
62
53
912
64
54
953
44
32
508
66
80
029
58
55
1
32
82
33
45
48
644
42
17
908
31
68
720
82
12
933
73
22
961
64
36
073
57
94
982
95
95
375
52
54
578
62
14
729
62
65
406
95
81
08
90
18
081
90
49
131
75
27
047
22
13
09
47
95
679
45
74
505
81
44
546
26
93
541
44
78
224
69
51
556
30
20
03
51
39
407
88
11
457
65
20
813
20
31
587
57
54
312
94
50
675
79
74
631
85
02
94
82
10
560
41
51
947
62
81
599
95
18
60
42
88
689
74
76
180
14
23
873
64
83
589
86
83
78
46
71
157
86
59
573
42
14
720
79
71
482
84
75
812
79
34
428
19
61
644
25
07
217
21
57
477
21
23
151
44
75
347
33
33
863
47
07
057
90
66
397
76
75
56
48
31
678
87
22
290
78
14
467
23
66
537
73
28
583
59
62
795
41
53
341
54
28
219
33
87
345
80
74
922
51
76
396
83
75
646
18
81
792
77
35
67
68
35
718
91
30
934
42
50
99
94
96
174
22
94
580
83
35
408
88
80
969
65
74
605
10
25
913
55
35
064
86
61
049
19
62
810
81
76
499
74
07
38
32
19
720
15
13
850
28
88
964
77
15
706
58
11
497
45
99
765
98
75
067
45
45
88
27
52
341
35
71
304
46
39
870
10
41
828
66
96
383
25
57
232
30
12
45
51
88
682
92
54
233
18
96
92
26
39
746
15
67
500
77
56
617
57
30
110
47
71
341
50
09
470
69
46
867
31
98
063
77
01
784
51
00
279
94
80
748
94
95
823
38
51
94
30
22
002
58
17
123
61
91
705
62
40
15
76
78
317
87
13
314
79
07
791
95
44
223
95
66
38
13
87
779
95
81
621
25
32
530
80
28
568
48
47
716
57
84
016
88
06
016
46
98
354
32
33
979
25
70
011
43
90
880
95
38
918
82
84
928
22
08
255
98
22
82
92
08
656
53
52
159
94
69
014
59
26
665
36
27
86
64
99
011
76
66
381
51
32
335
58
85
983
40
35
800
89
89
145
48
82
208
25
78
703
19
86
835
79
38
896
31
19
132
40
24
847
20
58
21
76
00
066
32
23
022
34
75
165
31
59
52
30
82
16
51
58
528
55
21
036
15
38
054
69
00
631
41
23
238
28
49
808
70
11
852
11
93
145
45
33
19
81
06
717
79
13
025
29
63
544
38
54
938
86
09
28
25
44
290
70
44
85
92
01
578
59
75
077
41
50
17
39
00
846
58
86
571
27
78
003
21
98
629
24
71
417
37
80
407
73
16
795
88
89
788
23
03
508
99
66
851
26
19
639
81
02
76
61
37
987
36
92
844
24
12
439
21
57
137
99
38
381
40
19
842
11
51
060
98
32
030
69
47
819
86
66
279
83
52
5
21
15
057
99
14
787
91
32
976
20
61
755
39
41
52
86
01
786
14
78
938
10
76
151
52
51
166
30
37
635
97
89
673
75
35
110
14
40
519
97
85
823
84
77
483
80
10
83
49
71
665
30
63
111
15
24
703
54
97
269
16
49
941
14
04
383
50
09
047
55
41
059
93
98
059
21
18
177
96
99
533
93
28
400
90
96
92
96
93
516
74
51
581
62
53
799
87
47
58
21
71
366
88
76
842
30
29
305
26
05
077
84
27
589
67
23
803
48
34
000
59
23
847
49
62
031
96
62
802
32
02
309
52
29
510
84
66
437
47
67
136
86
69
447
99
13
717
48
57
692
82
64
917
93
07
619
12
59
638
45
46
857
65
30
488
84
20
151
42
66
660
38
70
008
60
83
149
90
55
031
88
40
821
34
39
671
42
68
909
30
11
978
78
24
008
78
03
597
50
28
779
32
22
498
53
77
738
37
69
442
50
45
94
79
66
386
68
20
260
36
58
050
74
96
092
82
83
573
78
97
615
17
33
525
30
54
339
70
75
174
48
04
712
34
41
000
69
28
83
73
58
941
16
67
702
78
71
570
41
34
396
55
44
929
83
50
507
60
95
093
32
05
268
13
18
650
49
60
043
65
38
855
22
31
647
95
04
893
16
93
491
36
48

75
35
797
80
20
704
88
76
054
73
45
411
68
50
04
27
56
244
22
00
999
59
78
060
28
22
12
28
39
436
62
26
639
52
41
252
33
97
278
64
58
528
33
15
888
32
02
08
81
33
579
57
83
871
44
34
229
19
84
622
33
16
560
59
88
994
21
34
210
91
78
365
84
86
605
69
22
291
62
22
038
63
22
838
33
10
882
29
91
560
29
08
969
28
36
73
55
26
708
66
18
824
83
46
911
27
37
327
25
90
127
80
53
209
51
32
029
48
69
595
89
60
933
15
77
47
86
28
986
34
34
39
23
82
375
79
26
662
69
55
09
55
30
079
44
64
297
48
40
329
73
99
619
74
18
028
65
23
502
45
10
005
61
64
016
78
04
574
87
74
307
18
28
000
72
24
601
95
00
360
52
33
233
55
31
226
50
86
708
46
66
525
67
38
447
45
33
94
60
62
08
13
11
633
60
46
127
23
17
32
81
75
688
91
04
277
11
15
759
85
89
104
95
09
940
49
40
174
79
81
472
27
76
7
52
83
216
22
42
234
86
37
900
83
70
553
55
39
065
24
51
948
84
17
607
51
16
06
61
25
84
22
70
338
41
42
910
78
75
122
21
73
718
83
76
089
81
64
173
36
97
396
20
14
223
47
34
706
32
41
60
95
85
443
29
35
770
13
67
37
34
78
746
11
68
291
77
40
675
14
42
11
44
73
925
94
30
650
59
91
315
38
75
830
39
64
716
37
76
223
53
81
637
89
58
640
44
98
017
90
98
586
96
11
129
72
51
855
54
77
229
14
34
39
47
82
617
45
34
792
17
59
868
66
07
020
85
00
217
12
17
600
64
16
828
13
47
575
19
98
231
30
15
94
42
78
567
55
75
127
33
49
908
73
26
68
28
83
217
36
51
323
95
34
951
82
50
753
83
49
6
50
99
448
68
34
420
84
01
414
35
53
998
99
18
901
96
38
689
27
93
567
60
08
3
32
66
462
19
32
798
38
72
408
53
03
01
52
23
4
10
91
841
85
82
186
23
53
981
89
27
436
95
80
057
73
85
212
28
02
33
98
65
722
84
22
882
26
43
979
75
49
627
89
85
439
66
49
696
84
95
812
69
23
344
45
11
374
15
47
272
79
03
346
47
36
588
82
62
224
10
40
147
39
44
83
19
36
3
80
67
954
40
71
332
61
58
997
23
02
087
18
49
986
55
55
076
57
32
234
83
28
451
17
24
47
31
46
347
35
60
37
19
47
988
14
65
685
69
53
007
68
23
100
93
81
402
41
50
805
18
35
849
65
60
966
10
40
997
15
19
315
92
55
519
76
45
166
14
88
179
10
20
165
34
41
299
12
17
505
92
37
175
61
48
891
71
67
015
78
95
507
26
20
923
87
64
898
58
93
14
88
23
865
94
97
894
79
25
570
92
60
61
18
31
981
45
15
586
22
72
22
57
14
315
58
44
116
66
81
271
15
19
266
51
41
205
42
39
364
70
43
685
11
16
747
34
90
239
53
29
476
20
91
460
15
76
050
53
19
635
98
53
460
58
30
13
80
15
323
84
89
462
26
85
527
66
47
917
71
64
828
75
45
861
20
70
177
61
88
753
78
26
846
55
21
626
59
32
183
65
99
555
67
70
29
14
08
920
89
45
652
79
70
107
88
93
592
12
00
481
54
01
796
10
96
880
49
03
431
99
18
441
59
48
13
59
37
243
40
14
144
78
77
504
12
29
867
23
27
667
65
15
205
55
72
437
48
60
387
16
88
854
73
83
282
47
75
80
76
66
10
79
97
765
33
45
898
28
60
177
40
92
550
22
04
795
28
95
52
84
02
772
17
59
564
94
13
690
86
57
199
82
01
359
53
30
43
13
47
449
90
26
659
23
72
46
31
74
699
49
00
131
71
69
410
22
97
99
73
10
907
51
82
550
21
94
047
14
48
880
85
16
035
57
30
657
21
70
014
46
04
190
35
23
19
61
12
608
53
39
01
52
01
125
55
29
000
33
22
667
81
51
347
75
26
667
70
14
86
22
82
561
51
24
460
50
52
585
90
41
818
71
49
671
54
82
33
17
79
192
59
22
654
99
04
689
27
53
775
66
98
930
41
18
317
19
99
261
53
33
359
80
41
276
89
04
486
50
18
122
66
43
289
51
16
331
58
06
654
43
64
282
99
20
622
73
36
074
78
03
435
25
92
106
45
82
063
19
94
272
42
80
4
78
85
335
56
92
048
66
33
123
73
38
37
22
35
314
78
75
91
85
02
132
25
99
425
39
35
037
58
15
619
55
44
660
82
56
106
31
70
812
53
94
008
95
59
74
37
09
588
88
87
993
81
15
822
79
23
45
91
38
962
65
27
396
33
19
271
45
47
110
87
45
445
99
09
052
95
63
441
99
16
091
75
44
053
65
55
214
12
72
666
49
77
009
15
80
884
11
08
904
46
56
201
53
32
665
32
30
46
94
40
317
93
80
185
11
07
309
34
45
321
75
66
645
48
48
790
51
52
9
21
76
869
57
81
479
54
43
864
65
40
881
71
14
614
28
26
075
49
37
533
23
29
716
87
47
509
37
63
597
89
46
762
18
68
335
24
47
669
26
61
112
93
63
594
80
23
609
68
59
581
14
53
190
19
18
562
90
66
522
74
18
94
88
27
296
65
13
440
19
19
011
84
18
461
34
90
56
70
15
159
90
43
862
71
88
387
54
13
593
99
70
148
39
37
984
20
25
529
91
41
973
56
54
283
95
48
614
70
03
173
93
26
385
66
80
012
69
33
593
24
27
63
85
52
730
31
78
795
35
85
414
44
20
854
68
16
580
50
39
277
35
49
689
55
20
832
32
18
315
27
16
559
15
05
349
36
31
386
29
97
977
68
74
881
66
70
078
86
53
355
44
32
055
73
76
372
46
77
633
21
78
605
82
48
865
72
09
200
43
52
482
27
10
922
51
29
574
87
69
856
58
81
009
47
72
888
34
39
316
73
07
945
57
25
873
64
68
52
85
12
179
63
25
409
54
05
607
74
16
526
93
08
425
71
05
066
10
90
1
33
33
83
25
34
866
73
47
171
90
87
30
56
50
180
64
44
30
99
17
402
48
10
312
47
20
519
15
68
793
46
84
326
45
87
995
84
61
831
40
09
318
14
91
504
22
63
26
21
94
118
33
98
874
40
80
677
76
14
376
51
84
296
44
31
828
64
00
673
54
20
200
15
85
878
70
11
935
44
28
976
44
15
591
60
42
449
94
21
458
92
16
858
98
74
585
42
24
844
57
72
425
23
97
188
56
96
012
82
90
746
62
82
955
98
92
542
19
35
561
76
14
666
49
88
565
87
71
574
48
53
449
19
22
789
72
40
098
69
97
358
49
58
882
99
91
366
52
49
745
73
05
06
47
55
304
88
58
43
31
33
188
65
54
896
43
05
096
10
27
888
73
45
922
52
38
236
12
33
077
97
50
55
14
69
326
70
10
162
17
86
995
13
00
581
28
15
067
28
87
405
11
15
399
33
63
292
10
07
496
98
76
782
34
15
203
81
09
202
13
81
225
30
40
009
36
12
382
79
73
451
74
01
610
34
24
444
72
79
92
30
25
565
47
16
797
89
60
487
24
28
877
45
41
567
67
91
589
73
14
637
50
09
256
95
82
154
39
43
922
85
35
051
24
35
536
57
71
890
95
52
572
53
33
243
28
89
488
11
92
28
91
49
334
99
71
000
44
81
135
76
27
032
91
83
698
44
34
733
21
42
424
69
42
278
87
01
901
66
53
016
97
40
807
40
79
050
96
19
199
49
37
022
92
54
010
38
26
486
94
70
984
63
00
720
72
62
126
51
92
380
20
78
501
66
30
784
91
37
451
62
56
925
50
12
98
22
34
677
20
64
181
64
83
50
69
90
480
47
36
705
37
21
781
96
05
529
85
46
321
14
04
55
42
34
521
78
69
661
75
49
66
45
72
84
46
90
41
79
44
894
35
24
374
54
26
558
87
25
942
48
85
223
86
91
793
93
15
635
29
57
240
99
94
183
44
44
104
51
44
916
53
22
782
62
20
148
71
11
402
67
26
154
18
66
74
20
12
520
42
81
511
33
44
96
65
88
088
81
75
950
35
60
901
66
84
216
33
50
603
60
53
331
68
95
269
22
89
617
57
30
138
32
51
503
21
71
580
15
90
842
33
61
794
66
39
228
77
25
5
27
83
477
69
48
191
83
83
989
60
52
537
95
85
099
70
57
927
77
03
517
34
59
500
38
36
005
74
09
78
51
71
751
82
58
550
67
52
752
93
92
651
40
56
647
93
71
969
19
98
081
80
90
672
76
36
488
22
63
115
57
89
932
44
70
294
76
65
3
99
44
638
85
16
723
98
93
753
76
40
249
51
64
701
82
83
685
88
91
662
78
69
734
71
18
773
20
39
541
45
95
492
20
41
519
73
48
331
64
66
930
81
48
033
67
46
775
35
96
690
49
73
436
12
43
750
31
06
276
51
22
532
25
90
379
14
68
036
33
90
862
39
43
958
51
54
086
39
72
358
54
84
056
15
83
549
15
69
610
90
12
704
52
29
743
22
36
206
83
59
450
29
61
305
80
31
109
90
16
15
37
14
911
41
55
494
35
56
290
76
95
592
20
43
499
83
92
307
81
82
288
21
63
501
25
51
171
81
96
385
39
64
922
80
16
816
49
93
279
26
03
334
11
76
735
54
65
801
69
24
331
87
87
577
30
32
133
96
42
80
43
84
514
21
29
680
21
74
692
16
28
731
30
82
160
55
65
945
58
62
717
62
81
866
34
45
8
72
48
930
52
70
701
37
84
960
58
78
268
54
17
461
74
96
825
32
49
161
71
30
181
53
93
731
96
39
631
18
83
866
92
05
415
61
88
06
39
70
464
56
17
389
99
92
212
65
80
924
52
27
928
94
90
95
72
51
287
93
24
811
90
17
437
42
61
510
81
98
579
91
44
232
77
94
565
80
31
146
28
63
084
92
25
642
92
92
538
79
66
399
57
48
019
85
47
077
53
58
917
76
79
657
39
85
806
37
90
455
73
23
44
86
56
030
31
65
741
54
97
895
11
14
276
30
10
852
14
65
959
91
42
592
96
42
014
15
95
220
54
79
759
29
99
922
45
84
366
77
77
886
33
45
761
80
66
982
26
60
450
52
11
38
65
97
980
92
68
90
57
41
925
41
76
619
98
05
85
50
78
280
47
65
11
10
40
095
83
50
839
93
01
783
75
92
918
48
60
549
13
70
626
31
37
339
14
27
668
18
94
789
38
91
965
49
14
4
58
28
244
93
51
724
28
08
173
68
11
352
78
28
225
57
49
140
54
31
381
99
31
990
97
34
102
13
10
064
71
66
864
40
25
019
74
57
741
51
32
359
17
14
703
51
67
402
55
31
982
70
55
762
45
19
77
47
36
716
55
34
058
96
64
428
59
10
560
30
62
654
94
73
501
95
96
204
42
39
393
44
46
786
57
54
527
96
75
190
94
77
831
68
71
113
92
48
156
35
61
119
35
24
943
85
69
947
37
87
575
34
89
038
74
96
801
81
51
366
12
29
297
65
38
794
70
59
265
91
11
616
67
68
180
75
06
958
14
50
53
17
43
711
23
47
45
31
41
506
89
81
916
68
30
780
13
38
101
41
13
956
34
68
049
58
46
616
48
02
891
77
00
913
45
17
57
80
84
853
74
25
949
35
36
280
83
67
853
15
99
418
57
50
368
87
33
306
47
56
319
68
81
758
30
27
880
12
06
265
81
58
512
29
60
355
19
23
592
12
71
273
61
63
723
83
85
692
23
85
262
20
90
687
74
33
697
21
36
331
63
37
560
84
90
59
35
53
924
92
81
239
22
55
53
28
55
890
39
85
416
11
98
54
48
13
910
83
98
765
98
31
457
84
36
672
80
58
19
81
18
395
66
87
18
11
71
212
27
43
202
78
38
121
28
60
587
21
38
743
77
54
214
36
84
982
92
94
492
74
21
874
97
88
66
38
69
789
75
02
89
76
06
103
80
03
775
81
40
473
86
95
594
58
54
543
96
26
450
12
30
69
58
48
600
29
65
735
19
08
741
55
90
493
24
80
256
36
96
448
97
81
337
99
64
8
73
14
241
45
84
704
23
46
994
37
32
289
37
19
833
11
89
599
36
07
802
78
26
718
54
09
969
52
98
533
71
03
022
62
01
077
50
27
454
99
35
116
94
74
947
62
00
503
18
08
745
93
33
575
16
46
643
81
71
853
81
96
390
20
63
285
11
87
230
57
67
688
62
55
080
26
85
670
64
61
930
64
62
06
89
54
196
19
39
175
41
31
279
49
33
111
49
40
896
88
69
114
98
85
547
51
03
215
98
49
975
70
79
139
22
35
558
76
75
708
44
78
235
17
13
990
51
09
780
57
43
422
57
45
012
61
40
161
72
62
161
35
73
813
59
85
45
83
56
439
25
88
261
47
57
231
92
13
592
38
56
337
16
88
134
55
42
447
26
22
830
28
74
189
43
29
791
34
25
407
75
45
656
29
94
077
67
98
016
35
33
960
74
48
497
77
18
620
17
22
065
21
49
975
38
36
880
97
08
148
42
77
847
50
85
328
37
23
669
21
62
251
19
38
426
97
53
041
16
73
536
17
33
471
59
47
052
45
11
962
50
56
656
78
29
476
16
03
728
44
43
046
59
76
215
77
50
66
88
69
789
67
13
171
55
20
605
69
58
594
99
69
437
78
64
655
78
91
677
96
33
498
44
35
335
66
52
628
18
15
153
14
23
561
64
64
929
77
02
050
74
11
180
67
81
232
76
26
522
25
58
407
22
20
09
48
96
819
89
75
625
78
52
597
76
81
44
15
07
447
55
05
056
89
06
843
73
04
244
58
01
547
65
11
713
10
76
705
15
32
265
16
32
176
23
05
112
89
71
062
79
21
412
66
69
962
78
98
535
28
93
475
54
94
769
71
24
553
72
32
489
49
23
503
62
71
13
21
31
254
18
46
417
84
82
526
62
04
559
15
09
506
51
03
220
87
42
208
90
13
787
57
55
84
90
12
955
58
88
240
49
90
584
90
15
848
99
83
670
20
72
953
63
39
467
35
22
554
10
83
600
45
45
710
42
25
387
41
44
803
26
17
047
32
74
264
58
68
387
26
01
19
29
03
809
19
23
68
25
33
109
89
58
601
24
19
036
41
99
157
44
42
964
70
91
504
86
59
700
51
50
295
42
00
62
76
79
073
75
31
150
98
12
704
35
55
647
93
60
404
40
55
187
20
39
123
14
26
012
61
84
227
35
84
367
73
62
650
63
01
852
78
14
272
53
72
831
58
39
934
61
99
061
56
70
476
77
67
20
49
33
885
48
29
707
95
64
717
99
39
424
62
86
53
35
50
229
65
93
475
39
88
038
16
08
18
14
07
491
94
70
055
36
21
687
75
11
12
88
23
535
28
89
051
40
54
852
47
92
078
40
46
97
66
84
224
44
70
607
93
63
95
51
11
482
30
55
701
97
23
095
62
82
243
80
03
632
77
17
341
96
18
138
20
74
482
34
62
328
62
67
595
23
11
886
22
43
787
90
49
461
83
38
492
98
27
881
16
33
775
50
64
127
83
60
954
40
01
318
95
99
32
89
56
145
41
66
158
10
55
783
24
89
174
28
58
486
85
67
300
72
12
258
52
07
732
55
24
107
46
28
939
10
18
080
58
68
821
72
85
015
94
65
988
27
45
172
44
40
60
65
63
353
55
83
436
65
03
802
73
37
951
82
01
841
15
47
215
48
62
728
18
97
422
71
57
71
48
42
540
23
83
023
16
20
28
68
36
452
16
23
607
33
86
123
69
93
183
29
08
051
26
54
056
45
43
259
93
48
196
15
33
451
49
28
760
57
57
200
99
87
631
82
10
078
71
46
3
82
95
900
66
19
437
63
26
768
65
25
490
19
20
071
59
15
561
65
96
287
30
10
99
35
04
426
30
72
520
63
01
885
43
73
479
93
67
434
79
82
550
33
16
712
79
23
249
26
83
067
36
08
244
54
80
329
24
17
003
62
75
301
81
77
438
37
69
788
76
63
290
79
84
148
24
11
464
69
35
360
58
84
246
65
83
769
12
13
333
40
01
511
88
79
224
34
69
940
20
99
419
94
07
766
25
43
812
68
43
21
48
62
072
83
78
483
78
92
064
48
62
061
60
63
945
39
52
355
18
38
534
62
36
206
33
12
144
69
09
074
53
25
993
15
69
334
88
89
594
50
41
326
62
96
669
50
96
368
14
78
845
97
08
297
55
34
082
76
44
482
18
85
187
95
49
579
42
34
80
88
33
442
25
32
247
92
05
258
10
12
184
87
60
878
21
19
788
29
40
476
38
94
055
53
12
28
92
34
373
26
08
507
53
62
093
83
70
435
39
08
772
77
38
188
57
16
537
92
67
658
10
16
813
53
83
116
89
27
4
80
67
32
48
62
914
89
10
38
48
32
024
48
70
194
31
58
546
88
99
057
79
67
510
22
11
001
24
32
574
84
36
944
65
39
707
25
29
255
32
80
170
43
42
832
66
06
347
96
05
155
26
75
452
33
38
872
92
54
55
43
64
428
49
41
198
50
89
147
63
51
966
75
53
83
96
25
084
51
35
797
88
12
669
24
64
205
53
63
958
24
61
954
76
65
924
53
68
744
60
26
409
11
47
47
30
62
599
58
34
826
51
08
577
58
34
621
32
12
649
10
97
79
72
56
913
74
59
892
78
22
143
71
31
338
90
71
374
95
81
794
40
01
134
22
59
630
69
59
864
97
52
253
63
74
086
53
59
730
84
79
926
72
72
951
83
57
157
19
87
598
34
35
823
45
97
645
50
72
785
18
71
175
98
60
649
23
60
345
35
45
037
28
71
824
46
98
460
60
67
127
56
97
648
40
02
324
42
02
040
69
63
376
32
17
43
45
36
700
67
69
223
93
21
241
15
49

76
60
612
80
10
817
29
99
063
12
54
94
57
12
563
43
47
862
77
75
343
73
33
967
84
88
002
81
64
681
33
15
272
19
99
491
53
75
460
16
23
346
10
59
820
50
42
195
36
90
053
83
20
54
84
78
802
56
92
495
16
93
246
87
02
367
63
33
676
40
20
036
43
57
820
51
33
374
24
60
841
29
04
203
33
26
804
53
23
093
58
98
157
10
09
953
12
44
051
65
71
003
91
36
925
78
78
633
57
29
770
66
05
586
37
60
140
9850026
1993299
7054069
4733059
444751
600413
9479139
3042892
5906674
6194481
6082901
1115478
536219
5567705
5088704
234712
220589
2114033
9527468
7290719
9709913
5439044
1344213
4147450
1011460
8729836
4928937
3572356
4788716
3996119
4593426
71232
1917709
340614
374256
4039917
3673134
6110157
5542595
1362403
7071573
665230
7963556
1148846
1261995
2446788
781552
6803155
8646313
7464034
588099
3348427
2791600
1358415
2870665
6017005
4292490
7443339
6184745
9740540
7147512
8001037
6522386
3364798
4227520
9658421
5186264
9747782
3737835
8604211
9929251
125374
7049807
8781117
4072689
9236071
9433394
7692302
2700144
1738576
2858902
2138357
1427505
1156584
359186
2369065
2838471
3154656
8110977
403756
2392065
8435353
2329069
871051
3440272
678478
4279968
2209670
2243362
8401205
6248940
2470890
8949875
7969608
6922296
9058650
8931924
4675935
3351022
8211765
8411833
4931562
7051260
1444737
7803474
239400
6950476
3486598
6664735
1963690
4810981
8224872
2712441
3490144
3842337
2863950
1500355
6946934
9162234
8653394
455149
2292833
216523
4469288
2644389
9075225
38551
3368790
9192032
9422510
339493
7312052
5526557
9319321
8330621
7466926
2195982
9601426
1930875
8609068
3999899
7879608
4888412
3030349
5844900
271290
8367337
7840322
1823585
6348312
6990953
5635881
2441778
668306
224799
9857899
4208702
2643363
5249410
494443
1998818
9025725
8042146
2961840
4017136
4858524
7629824
5393608
9953561
7092275
9530999
4605886
3405579
6688167
8151371
5634460
6687335
9455944
3044378
4522794
8151449
7904709
8774961
3454833
6034264
939297
3585197
1443850
3948048
7558782
2035729
6340510
8160431
3308533
2442968
9551074
8729372
8336156
8436299
1968718
6626481
3884788
5203897
8235534
4612779
2978798
2269472
6540182
9196055
9062588
7724588
1235804
7289525
5156203
6352198
7895040
7418371
2118513
9900101
5653703
4135286
133647
9748193
5858137
9464354
2431471
9165026
3891144
6879692
9364059
5736484
5582047
4414961
15165
9573482
7546999
7971532
9571535
768634
1756658
4361775
578479
6630335
2083947
9855326
4573543
3707324
5833859
9806204
5173195
3399723
2448519
7975823
5473905
3189225
3793381
6949920
6473799
4363973
3644752
5462699
556787
6314481
4347915
5092581
5867163
1053208
439730
2560403
3936802
5881949
2327479
5340040
3605347
5230616
6519098
8368559
3528786
3501491
5293873
1031090
3517554
390446
5963279
2523480
6847064
5624904
5428732
1237285
8104305
689413
438181
9162235
7827707
5484717
220679
7075761
61505
8738277
9110359
5056931
8397117
9902509
7347008
9885455
6710281
2435755
4826121
8747515
9237059
7482200
1640513
4645333
8859859
6525867
2077863
7037930
961935
877471
3887536
1340700
8152269
5489557
2818088
3725539
697905
449743
2683699
9385856
9801780
2493025
7547787
641608
9922717
1872655
1545516
9808511
7498362
9423455
663673
6907740
7110684
5463972
9028740
5567713
9937097
6175942
3210744
2939951
4847705
9886367
9213721
9772146
8497349
8590212
3756336
4158570
2749059
144476
4792184
7448268
4511169
8517413
1495645
7754532
8313916
3062092
1353584
2945969
8085746
4422067
1971444
6285730
588787
8603905
5120069
4383516
9486887
4904875
5626247
2429851
525252
7845934
8068319
3188206
5547490
7658219
1594388
2339748
657355
8115877
3719938
8444072
1570000
1679810
795483
4959564
6530350
3016909
7307356
2086195
8578021
5739646
815102
3803192
5242167
4288329
5026222
5193856
7251218
7646122
249549
41923
4894162
4480098
7260039
7505327
6647478
8396056
639696
152276
962072
9145546
7588777
7409064
590622
6429392
385906
1009737
7614540
888308
4952197
9633547
5138740
8900445
7234647
3867672
6907956
7966381
4862339
7972874
8433964
1047297
6703750
6237866
1707948
5734575
7578302
1016525
7055157
9675723
79674
5803521
1558313
6179733
5345075
3827022
7052314
6000614
5548609
2403291
1707496
621968
7469174
362769
222382
7890920
7605578
8962500
4868296
7024179
3435535
7413673
2164182
8638680
2374175
2361883
7145462
6793989
6514807
1232125
1162519
3932802
9392100
1463906
9246395
9418981
1412510
7092087
7702495
3316711
1607017
1493949
7845452
8319421
5276831
1708801
5030710
7776027
7234446
1305407
759543
5181031
5231106
949646
2029429
3984282
1641018
4590771
7290595
595707
115061
300389
4243026
6551709
9927226
6718385
5142023
2891613
6164888
4101658
454182
7096605
135204
4174354
2936910
4713338
9832384
7678930
8614867
9049026
9284071
8071994
2399116
8171826
1907624
2467398
5150102
4100792
2635686
293686
2428281
804293
1347559
7790035
5182828
9528848
3529457
5541525
6277822
2880916
5566300
5790516
481443
804382
5672082
569938
5123447
5287561
9018577
4957339
7999244
8373149
5852465
28132
111456
8556970
1735743
2795570
1904487
7242673
4113406
2561259
332821
5992395
2810008
8669979
5000561
1156141
223316
3782612
7856678
8099484
8923154
3242057
6976364
9782005
2799953
5817878
6105787
8752283
5037712
1126481
912746
7416442
469564
3653855
4225602
6176318
7224234
9856400
7293861
8069426
3828545
1843548
1435361
3563604
2479333
3854343
7685767
5399629
6855411
6921138
5705083
3999007
3629429
2353880
449434
1646258
4556693
3583599
7797609
6610076
346211
5205137
9274995
160105
2981554
637528
1635868
7870397
3094256
4362130
7025846
2847944
6044831
3356671
3827120
1696567
2614524
1823361
1071113
7576981
3048346
3984388
4042832
5860746
1072121
9395020
6985202
764615
6962331
1923462
5075486
494617
8265077
4894082
5045805
6101146
8520797
5977951
6889875
8196159
9416199
1670207
6238189
8759759
3210676
4052627
4434434
6905179
5493326
6705364
5581521
6594894
9478594
6138957
4396300
5899532
484279
763614
3559408
2003834
8534052
1036107
2112099
3136012
9320760
6505517
3657483
7188337
9411432
5923390
1975262
1360493
6111712
5219842
2047261
9353428
3984391
408961
6306281
4426313
2290126
9052335
7383381
4608890
1702866
3779703
8319279
842214
6693782
4248176
962973
9539796
4796794
2037012
5043204
3450665
9468669
3463430
9518403
906354
5826902
4329603
1012265
1969697
3180049
6635254
3128763
6999330
9328591
9701434
3368278
8255020
4524843
6453035
4991222
991432
8136866
6377710
2143013
2379945
9585072
3809715
5923604
8467084
9530785
8435744
6013451
2089303
1746090
6470736
2945309
4613379
3554843
4268561
2211951
9158699
1715949
6958123
8608765
1768676
6850643
8350423
5514453
6297931
7805392
1335691
645399
4612235
4417326
4147424
5012388
9421546
4842563
1923229
2347087
2697026
4306554
5355762
1900128
9309685
1773965
2982625
4014291
9587837
7585865
1285871
6505174
5933563
5146411
8286262
1620977
2553617
6610973
1212738
1893510
4210339
2007294
6782928
3577510
8357521
9950025
4479154
542227
1875136
6440247
9238231
4374166
3342603
9344703
3429409
2664772
4360529
2399088
4418963
5715143
8779215
4852093
6659970
7080770
845676
173916
6004687
9517428
417424
8607789
6711612
1809841
2158554
2703148
7904154
3973701
2186788
4529680
891350
3754873
7113142
1275559
1939668
9522703
6634798
7428879
2594485
4954526
7408564
3959977
7457080
3222704
4413616
5507910
6274162
2203991
3701097
8945531
7503805
9102411
6919998
1906613
5102611
8694087
9827129
8771049
2571081
706440
3464942
8762151
1001428
3327088
4993805
7832534
9276117
4153270
7776367
8109973
801923
1255720
3353360
3660071
1441196
1166725
3408539
3015904
7326218
7690646
4015459
5020909
839112
5147322
6868467
9497881
4291749
7902195
418555
3835044
7426457
6986868
6656710
3116876
487598
9138659
2271479
1957898
4834206
5248844
8056469
1748602
4306396
3525905
651455
6857284
2521922
6866892
1957900
9621860
3339789
9861069
5810846
6455470
1402260
537434
7202954
5042988
2025594
3940356
8886933
5114321
6095134
9093043
5916754
3510705
4773236
8225165
1647653
4006212
6382990
4555114
7711648
4009646
4435555
7050508
2758970
5564993
9436383
8789558
9772015
9111613
3842909
9939834
5903817
5423754
9905863
5813888
2435859
5861790
4578275
435980
8177535
6238522
4132259
8034020
4240123
4306436
6559173
7133535
2232564
4053728
7618126
5229462
5981040
2753535
2865749
1950040
6830127
8338868
3429098
840499
6671365
5129310
5590940
8529578
7520570
7560575
9048777
4681438
1624599
6127542
5256024
7746873
3697534
7379475
6871217
9010371
4472010
3886086
5006985
6838143
6910483
8377281
9841815
9033235
1147500
7061772
3373746
9041690
4530338
3987302
4813922
6552400
5230492
3843777
7425501
2965190
1196699
9820997
8714910
5411077
3674539
9537988
6856406
58378
8050620
7409638
3547257
3362641
9328862
438481
5171496
5792466
3060298
5683022
912306
2908440
1805385
2736097
3617630
4828653
6033811
181922
6489887
7712601
9950870
5442452
9144246
474310
4104969
2448844
5105969
2792105
1822229
5082039
2615065
9731866
2832463
5574593
9489588
4569640
7522012
2828789
1259823
4112117
3267355
9513195
1344436
1672489
1364213
8934819
4236314
3977596
9162252
8979725
8321647
5328152
3619213
7833110
6282022
4594954
9036846
1590507
1809272
6137884
5989757
9166986
9158972
9194296
4377441
7197644
5962346
5633016
2955983
2743123
7426588
1141062
9878698
6943393
6685736
2377834
4141910
3118327
9886437
3260857
5865744
190178
4509296
171264
1512398
5836881
2438538
8609223
6139411
7671311
4816330
2481240
7732760
8472862
7713073
9787944
7277328
551310
6267435
1221829
9561037
4058672
1278524
6774866
6316559
1716097
4913256
1618406
5396738
8081261
4513755
305753
8965722
105183
9878759
9672980
1783354
9057808
437551
6895792
2761144
3479164
2253248
7991973
4655646
570412
598722
8848606
775700
2086353
6137294
8156580
1530782
8128601
1526186
7477243
4280921
5646742
8818713
4835531
721456
9676238
2126893
1395488
9292582
7741115
9698715
7798131
5442131
466309
1070604
2522170
7863191
5887387
4473784
9222218
3365263
3005498
6412454
1451978
7727216
4613290
2699627
7274924
4101547
9110849
673892
7508694
9292514
7147454
304134
4010248
5591467
1298891
4518034
6656120
2249928
2082458
3103223
8100491
4163945
5839769
9066658
336204
3940842
3661662
4178507
7548467
9702967
82922
5577783
4207358
8728940
9244894
767055
6430861
4765258
286518
3083001
830649
9829243
4362934
5094034
2230183
1366258
2539578
7656649
8462729
8903714
3107206
2830928
6964605
2158858
5486358
6977603
4014344
5702105
627858
9938072
5838909
2779947
3188768
7298069
2081565
159027
1326043
2586437
3200169
4912439
6145530
5442296
540818
1553650
8386103
4842527
8717263
9126102
7399167
626975
9376872
6547066
4051261
143177
4255519
9183858
2737212
7926973
5569851
5804895
3861416
2951257
913695
9576631
8089330
5197598
5675172
2709537
9300927
8934633
1922683
7302945
4295930
9172011
980370
7608925
881413
6267931
4008568
8044386
251579
3387282
1869564
2073832
7820078
4972617
982672
3118195
3335372
9721231
9273614
8283452
1951619
3241734
727343
8162674
5526098
4856680
7807116
5319954
4083717
8244864
178209
782265
1606209
4650807
7529590
1662076
2719191
8578564
4471465
7719272
5556186
9541644
3799644
6212435
7748094
5157261
3439013
9476683
8473884
3552096
1443246
731927
3273873
8319309
5029762
1073832
760052
8767604
4948768
4145546
7245601
4340038
7896949
4345670
4494245
53395
6425446
9665558
1693768
5554479
6189707
6364608
7135475
9594954
1029090
3010034
4346014
3085697
2846406
1052139
873366
8510678
9712100
2030422
8721632
3573743
6463411
7717394
4520042
8085686
9646276
8107126
1354528
5177447
8139981
5426200
2880291
7704268
398653
6608996
645328
5057810
4053928
5748885
2096719
5559854
5701471
5954781
131842
4096974
1692574
4559805
8592094
7033680
3039897
7680098
4074869
7208183
9632870
4924769
6869382
4692645
6122533
8012807
3958817
5037855
144868
7974082
7651622
833834
4678642
7013086
467675
3854285
1880070
9934509
9174214
5605576
5988256
7244621
123614
3762705
864126
1969860
6417417
4161993
4691733
7351140
2974981
7777369
6689155
8175963
2541694
9180746
2506848
6746761
947285
9776053
6171996
4889329
1298719
2509152
2765935
8236595
9694769
7536063
7978385
8243476
9666908
8223474
2931671
922473
6399875
8493991
3802320
7553228
3896749
7166947
5877942
7982417
5602835
4306314
6821189
5879475
6892168
3080976
6726263
917992
306642
2211632
371740
1072295
3502428
3107505
5600865
5498505
4378656
1546140
3301085
3203462
5967507
250706
9213542
100088
395934
1878982
25835
6981940
3019296
7712112
5728518
532895
6151821
6534714
9088674
6434199
6352702
7302346
3722636
8546015
8194966
7783088
7941310
7456427
4710987
8754957
5636778
6350244
4829440
1508973
8344421
8464614
8464631
8989638
6572630
3861940
7767501
9425173
4452978
7125251
1127707
6697224
830090
91680
9459139
1497668
8405253
6329590
8638516
5839900
9574976
6846237
2576796
7202171
4260458
2291135
5117566
8129751
9160010
8118790
5958173
4906684
5376989
848687
7381011
3472016
4983309
3084335
4027982
8703003
4668553
1497998
7517410
4629517
5671823
799187
2042970
1797402
3698952
9294897
5053613
894784
2713907
3115405
2656645
8356994
5042777
9130398
6522766
2408122
7555729
6347600
1132187
9681789
3609867
7251773
6087168
8888389
42145
2399740
5923770
8479344
2580527
4674043
4941245
7857857
3838399
1416587
3635109
9166717
8415734
5700202
6694835
1439927
9171791
9395065
5048883
4008446
2932669
8493866
824125
495662
7209931
8812957
4239339
1919083
8206418
1826338
1057988
504125
7081776
8510235
1165254
9497174
4097404
1973744
4435493
5075316
1544100
8878280
3389885
8406167
145061
4347131
5000309
6398134
9089264
9047599
7347538
2556061
7814299
8161007
7834652
4645129
5585223
637604
3047464
7989991
6395694
152169
4783395
180164
5889321
6524186
4277702
9225085
9525444
4885705
2538073
5835085
1619913
2482797
1525525
2922996
9799550
1801987
6418171
7926805
7092985
2112360
5742806
4932614
122343
4451227
1512242
3377281
1167756
9467851
2293864
4036507
7061490
4352940
723646
8504691
7858663
4710458
2870235
8658981
7752286
3554385
2105521
8360590
2694329
8468422
99283
2288314
4122620
593787
9497197
4119215
9542799
5457583
6370271
8158782
7327792
7177030
9348082
4863817
9276069
9622648
7989250
5442282
4080181
907541
8424812
2298315
7805045
7802344
5800858
3591096
9570827
502684
3740765
5682031
3694541
9827487
2274740
3604340
6908866
5708865
2112208
6701770
2208820
5461750
1899018
6337900
2993441
3700913
2775378
1177738
5636915
5019899
5327830
9742415
9699942
2878589
6301364
1872591
9658162
5549317
8209628
459105
9544055
9926110
4339652
6737497
8290764
3351819
9337536
7131715
9002188
905228
3730880
3943517
894918
9196834
6902747
1900833
2159560
4768833
6108685
5520028
8739031
7746065
8801264
6766402
6827890
1960949
2026135
2422972
626550
9479956
2499694
3157581
7856822
9415456
5553363
990742
1627640
407862
9118964
8344854
4622389
3626261
9222476
6587426
5106930
194430
7491872
3837253
7948171
810111
3771541
6808141
6523956
2401091
9215524
4560006
133588
747496
8639437
6979894
5050593
7826458
8101278
3307630
6482067
4981990
5675820
6960373
7654737
1629953
3675514
8020736
6511656
2405384
7726582
3764462
9901877
246167
1059183
6508510
6854924
1046493
8490506
5556563
3559361
4368354
8691103
4194148
242069
3435933
972208
9759853
2851823
8211752
2165190
2270104
6857814
6463479
2664787
9992211
9589438
2198996
1921938
6188907
3234742
58191
5358821
9333632
9824305
3675388
5771972
2097952
9187293
4436224
9447725
1488016
1937246
9984194
4852269
837577
2174637
2220373
8035589
2520951
2232141
1465443
9042861
7591864
3226302
4174125
286001
8672882
7060379
8556519
2442115
599324
4088480
3786773
9363437
8431811
6624379
947972
7684751
2807587
4109191
5281307
5461077
2912751
5339490
1115122
6901331
4907273
4249887
3631568
9123519
3240964
788611
8540440
2297881
9666846
3091513
5925803
1750485
4833882
3744475
4632854
4679421
6759807
6731948
6694932
7008932
6598478
984394
9798195
6422286
1567987
1173758
4150041
4022391
6782931
6364810
6393937
3997288
3913201
4493249
48369
9764835
4921024
8415680
226086
8533289
599112
7544932
2402134
1514635
2539419
1380143
1184353
8763526
5485010
5640572
9670082
2308533
5546795
2912740
8027523
4680949
4473482
5492445
4012763
5538878
9684680
5296325
631677
2957918
8152000
1076397
8785990
2231604
6284784
2188908
2972396
6328235
4666058
855601
7890911
4968270
603563
3049043
4120846
3098321
5456998
8007571
4214121
908834
5873339
6230509
6153352
6702966
8762762
2670675
177675
6823336
6691885
5256251
2493740
402680
629592
7402821
7742310
9325998
8074564
8893099
5705116
5623352
8298031
1338989
5551309
366551
6486206
2183181
25038
3615707
2465447
1862739
6700693
4611745
9713633
9011702
2352963
8132744
5989149
4908626
5175585
9495579
5614768
7160808
3047955
2636865
4517138
6258235
6506031
5703417
1667959
9939027
9996957
5844433
2276905
5615467
2434068
3394475
8732550
5806454
2096482
6128601
6476127
2965402
7508703
6921419
8550745
5774155
6798228
7282797
1652398
5065147
4997003
2260764
6932201
3962008
4859992
1990158
1226274
757794
7121699
2036759
1399760
7747283
9798640
9310165
6752168
2154864
3222675
5547567
5277767
6045916
677356
7953088
8307494
5950132
4354290
7058672
7352357
5263076
6681431
5732164
5942174
8886716
3077871
6618480
1653706
1106855
8516121
6488490
1636202
7398622
5585818
6580444
7431014
2318468
8112938
7140854
889388
5301593
7053374
8518643
559673
6128619
3125198
3394122
8217977
4892705
6372283
9524432
307531
63074
4863561
199434
1966298
3774410
666034
5410784
2442533
5496478
9556147
1104399
2670375
3876637
1813288
3043187
7693716
110506
9845334
2144855
8663939
1807369
7608884
7359047
2774329
5421129
6529577
4897056
7656082
9608106
4259345
7445101
1111702
8640537
7843430
2120422
9267481
2045825
9973181
3497273
3619125
1406984
3236268
5869419
3393450
972253
602982
7962254
6192646
1720035
6330284
879090
6486281
4668747
6567671
6213306
9983090
3192356
9783492
3345065
8099613
8112894
6352995
5029943
401977
1822347
3345017
7748377
1045276
9060726
544684
5670836
3133837
5759249
2578400
7529972
311361
481122
3050113
151345
4357319
2725627
7590627
3645456
2684808
9335422
9424915
4888583
1543061
168661
465269
187792
153693
9417830
6575278
3663884
8234939
7382549
8505232
2794200
7586967
3856732
3361890
3543705
7336632
423007
3331676
6750342
9755578
5777411
4080715
1853221
4121470
6993381
9087141
4447402
6369330
1146039
8921553
2271775
3957602
5773708
6394956
8760427
5549449
1932473
2715975
8207184
1040093
4149110
2218694
150549
7364428
4721640
4035354
5801568
9370161
1672666
4709864
4115031
4393557
6676428
7272611
3609564
7660132
4289920
8918133
2134745
7483283
7757756
6563045
8174763
1284368
2255483
1072890
2558615
1112873
6967626
6165037
2307035
3113578
501288
4187080
3446735
9230965
481519
1994869
6057836
7410986
4294618
5097260
4596065
575868
9469067
2551086
9584089
5023602
3633868
9085181
7558573
5786520
5378272
6982954
8151886
5982141
6883667
9575428
6491709
8562008
6984948
4013636
5595271
9670425
3021771
8044203
5147010
7416442
2356065
589369
6673332
8191238
2186399
2892969
6712807
2925329
8067780
3448827
7392055
4226735
7071742
2508009
1506166
7098577
6984783
3387646
1770487
2170014
2969327
6612159
6987793
6458730
243984
1055401
5105355
3027901
6163187
9404718
8024741
9516150
571244
4393099
2603281
2195072
7810628
9127473
1883319
6870572
60273
4196395
3743115
131479
1834844
125583
9509414
4444520
5509670
6929362
8190053
9545911
7144975
3572922
1576411
7787479
8525329
7465309
4441782
8954888
579546
7233882
4824779
6841109
5234061
4659343
8311771
8412678
7493084
6121082
5186223
333161
1204951
7472993
3715321
6362466
4669406
5341956
9734407
4556168
1244675
51989
592658
6820269
5241610
9223376
9850451
6482623
276868
5220514
6279473
6549777
3972995
7584190
4016937
1566310
5470816
8827499
5443710
9663154
35804
8667221
2489915
9915063
8674521
2874520
5873996
594743
1271257
1934804
3036430
6789398
8739636
7482792
1610535
8746093
1602687
9326860
1795033
5795900
172
1162755
5801635
7650966
133405
7968792
8197703
5675919
7423741
4979482
2533555
4768658
2799920
8787627
889043
4271142
5245909
628988
8409645
2861094
9563023
7698346
8655053
3000338
3782585
4391412
619403
6878216
8823267
8415488
3828264
1188266
2440540
2171804
4281620
7198263
2226416
1658321
2219197
3766061
137456
8090342
1652209
721293
4406867
6343644
6670263
7119805
9272407
4340180
7506187
1709986
5825440
8924005
5067192
410175
835001
4817644
6950193
1150887
9272995
4020821
3067308
1711131
5353715
8696486
3748931
6764082
3214807
9390797
7957801
6058095
5842351
4510623
9344608
7965575
7269214
7803169
9194118
8880725
8195200
1264290
354561
9684292
2455218
1405926
242471
3417622
1156412
1234478
1350504
7569958
8412537
8344598
9212690
9864275
6277355
9311623
3900580
3424503
9983074
1764985
2017698
102899
2881771
4572671
5582861
7157932
3026894
3574274
9376256
549812
5123417
8321481
5583476
9012765
5256175
3137567
6704014
8722698
3334315
359172
1868476
5889722
1295881
8714469
9135387
6941710
2001607
5942857
447373
9213011
3090160
6268526
3418
648529
2169952
7717535
2478342
3239006
6734750
8833563
6747938
5407002
4415368
7249485
9101955
103622
6792045
3480781
959012
232872
6444857
2680651
5073954
6656981
9361787
8960832
7189274
763003
4630358
3653839
7246137
3361658
4031299
4394506
6239535
7940246
1508847
6578906
2347532
7882580
3027600
2744329
2029510
3009200
750261
1414319
7728568
3737342
6330386
8861987
4436263
3202713
562689
3767993
6889022
9509148
15371
8690076
9224471
9766876
2817148
4466796
9818973
3361244
2502790
5546713
9672169
1434516
7305439
6076720
900338
3681445
5544404
1799972
8412041
9868410
428964
2773311
5127941
8506389
103029
2616154
4890459
5266111
6008438
8227369
8771256
8306242
3943076
6427316
2340859
4805115
1095507
6903096
6431061
8453337
3899450
9279407
3311894
92768
7923913
5206546
7472699
7606319
5942427
8292024
5437530
8930242
5952335
5404409
2333173
484180
4861730
8841999
2699560
5759647
2277458
1751914
7450655
25746
2149073
8986442
3879705
7877036
9233167
4303082
8462785
854781
2031986
1756642
8453274
5426439
5100370
3222017
3107092
3535299
2276030
3230025
565539
327007
7824304
5769497
7047594
3742548
6165362
2143190
9536083
5186534
5609553
7143235
3355466
6768132
14159
3337627
2058942
668929
1170341
2147326
1445519
926138
3477329
5366968
8690393
1145855
4793802
8540714
9862455
6890225
2749163
8999598
1567678
8084124
1021769
825788
9931965
215994
6629992
7658522
8672451
3227510
8261134
8856546
4353709
9547773
6384757
4155606
5712236
3903519
8861759
3035419
5124075
7048072
6697045
1477227
6818942
3085636
7440908
1673457
433457
9355064
1560945
4972549
9092353
4499030
2986537
8203326
8325736
9796029
2446508
4634168
6234190
3250622
7296366
7579391
7433702
9701445
1977666
1605674
63486
6770666
2260495
5387539
1874235
4218564
4055127
2946946
7461717
3064463
4422379
3653378
7951936
132290
2611991
9023887
1864913
2944900
262526
1376149
7996107
3798801
1748872
6117463
8196043
488190
9884077
8951399
7214901
6787874
4844421
9970389
7291846
3137685
3817826
2084108
6877149
849602
7170688
7470269
3189073
2519827
7544392
5274222
7552568
1432737
9418177
1500811
1717611
6999669
6631869
5626356
5806702
7656955
5291938
6239442
5258426
2180730
9188932
8680642
3258972
9267518
4431710
3579759
5232847
3967119
9801014
8300917
1902473
6964994
2313627
3748235
5663746
1452829
8947575
7469895
174858
5263020
1678225
4354001
56847
9107620
3822832
2838050
3359575
9497039
3238789
1504578
1826143
9765750
8235160
342626
4050025
3915117
1591925
7211299
9874027
9179027
9322546
59403
6557538
9895341
6707685
6074503
3817774
4445092
1916290
8998897
1244710
2073140
6310493
1977454
1272624
5729959
4964425
5795315
2347501
9413384
2788881
5370680
6959298
735031
7388374
6066811
5154210
2661791
8887383
4835114
5978723
1620207
3560091
6722957
6701952
7923339
8548362
7347530
7973518
5397122
6327000
1758248
5510517
5934923
828121
9139603
9240898
2137827
6257347
240576
5590683
1290016
1314950
7048145
4805706
681541
2969034
4620648
3945449
2905573
7375473
8023000
4621975
2504301
9930355
3328022
5449589
5486712
167593
6905118
195720
457513
3737318
6961040
7296037
3569207
500250
3862323
7618978
7382847
4121148
4469169
593290
8654946
3934611
1643402
7110129
5161486
6072526
8338764
8912690
378046
425104
228056
9548958
2717763
8447999
9895618
2146677
5836228
4321816
2897946
8483597
5716870
9017312
8096985
3058488
1830815
5926898
8835396
1668287
6237674
2067800
440945
1891844
4861028
9665844
1418163
7490069
7674177
8761608
5810264
4416767
8985491
4852354
6490522
781166
2530249
3240705
3959356
6587072
9228107
6373547
3286518
3354513
3655851
1329970
8933732
4489694
4471245
1700568
3220467
3382075
8197250
8184128
5764669
7845876
1550637
5409809
7770457
7782204
329918
6409804
3293944
8481072
400624
1593367
6725254
2267967
1935639
1803678
6496914
7970767
9518362
7339511
5274584
8716575
3905727
6225444
2710029
3636626
5091341
2654444
755115
4163809
8661635
1685122
9335329
2207844
7187906
7863113
1342052
9810410
320065
7484729
115646
431164
4247646
5599894
3304924
1791872
2020947
8217270
9528764
9911906
5071246
2604815
4832806
7495703
3453566
6296370
8724099
435243
3192463
4066327
2158254
1750910
6407259
7562129
2241849
2571649
8612460
3884266
516262
7587868
2172375
6350917
6913188
4182141
9934231
7195860
2620657
8892062
9368046
4012284
4519633
3190592
6647999
1803081
7697344
485337
296438
7040677
2604729
7241947
9124377
2190305
6842926
7018282
2549773
4110166
7871804
3979269
668015
9970645
7630292
3088374
5158091
2550072
8176064
4810173
2755482
9722731
8829127
5924646
62288
3553799
2619880
7636826
7469796
2257783
456305
4714632
9219003
9585022
7051967
9153897
4930846
4190623
2509197
4130965
1753022
834642
2874910
6142507
5930208
8547174
5422060
673587
9785578
2480599
3992238
2622631
1095442
6142371
8208549
9363725
4549665
6530764
8546419
1084885
5151132
6588878
233768
2183455
1581710
9655426
5380502
8805986
6369531
357748
6373788
8845892
9212432
6355659
4780028
8740369
9749537
6876767
8781035
9216691
2930089
1063893
8800828
4951723
922060
7454533
1633682
2541757
1446015
3409038
2022475
3018185
8962150
9176070
2862797
2508811
5850733
8446929
8190913
3861164
4138713
8939875
5310233
3297195
443734
2387201
1805847
4814215
7745107
9025286
5284388
5908346
2687125
2824128
6077761
2673383
5547309
7712521
6900619
4941803
4076207
9969843
1398278
3069744
9782441
6102897
4177290
7710141
1711268
9079795
6191990
9336865
2532607
6344375
2352012
559361
8047253
3621684
8027369
8058842
6307086
9613089
1537060
7336604
5052088
2266217
8845575
1506714
345071
5695736
9352392
1709277
6178354
2920746
2286017
5117556
3864381
1965745
2372951
6915935
8030389
178836
2194589
9960437
1334609
4035289
4215667
569337
219209
4124688
5267975
9989894
5243491
8072473
4725330
4294581
7112813
2402554
1191486
6296323
3653553
9782950
1924597
6297106
2163779
3635048
9461541
1840644
1185864
5392271
8036631
2884474
9320313
8304855
2980730
3189639
8325507
5789392
6327446
1083815
4433065
8644769
2615239
9687220
2638977
1142057
1882749
7775050
6263567
6380483
3271318
1661602
8424124
26508
2582063
6687268
4122128
3696620
3732946
599544
2434932
507098
9369597
6810637
8466634
9822680
5464394
9393126
6999823
1788715
8899248
273632
7069416
9974902
9554301
4362949
2962781
2129858
9587853
8723434
4682602
5438244
7193297
8253708
6615257
7823254
7425751
565317
3495274
7598888
7398204
4972275
5194810
9195167
4223420
5171355
9743990
7282273
3261356
2042901
697768
8569054
6987539
4366232
8699381
5741821
3086949
9547954
1764406
3699922
6074406
4253363
3400554
9695730
5549713
5520239
674086
5133132
7620436
9561876
6934983
5922573
6438626
7039380
5899838
1606028
7988194
4432880
925166
2057077
314442
7979100
3713687
1853181
4807990
9327029
9615787
6102616
4113931
8731059
1472844
5513610
1363831
3586357
2788768
8283576
6860829
8980341
3342846
9029421
821912
8745615
7312670
8557279
6435764
6179818
4039879
3282629
9204961
6521891
7928441
9456625
6839549
2270328
7068781
4901484
4256720
7368469
3564366
8654362
84393
3433748
5554198
7648728
4602211
6685613
4967303
4191413
4969050
4718510
4803198
7562530
6511665
6084507
1487427
8056992
8045470
7116134
7866834
4430690
4720907
5010437
4797626
1123271
38210
9215512
1928925
8228860
6932060
3745165
7158179
3760098
5746298
6537720
5862393
3862338
1717051
782758
945805
1285395
9555965
9385265
1723522
386689
9221046
463496
8606171
9363178
6373582
9198089
8109347
898949
1825077
1588002
2222002
3353363
3405166
5482603
6449063
6839095
6420862
9479880
9350949
388860
9384111
5281762
2644342
3063986
5884128
5177235
1332802
3919403
5669045
3036145
3248261
8274494
8386844
6792958
5300276
8157317
1870057
8567218
8939500
1891503
4750820
9289035
1462415
5203129
7323790
2885238
4625366
5350480
6886942
7430713
8835772
6977022
7230052
3439020
2061005
3503109
3960979
2307253
5717124
4339129
3691833
6706870
6469488
4313473
8151856
7701507
5890660
7316144
7969745
9090074
5651021
8242326
9410717
2903100
1736683
2663319
2392730
9818669
8088381
156083
5202487
5263754
3499774
1785058
9146604
833113
8208834
1170914
5913040
8766798
5591276
2397622
7885228
8048602
4116155
6951196
4752437
9083500
734670
2967043
735905
4524585
5465511
3360803
7898808
731538
1087011
4447328
1263313
5154448
8089878
828564
2108032
2293417
59893
1525027
1304680
5066696
1441798
8169244
7304713
6926903
3659656
1800815
8572851
3405683
477699
1389516
1012882
6022988
1159717
4833961
5040347
8733321
3640806
5580955
5093315
6303288
9416252
8579070
2199806
1788634
6854045
5122177
2525192
6714700
5667031
6620421
5952258
1348770
8277714
7896232
909062
293982
634148
8472913
6535405
7077871
5597757
9197931
4519343
4049484
7207380
5962226
573431
4412539
1801594
206919
7478334
4093126
5592616
2193210
1759568
4675811
9548419
1703135
6461832
6936271
1577118
1011850
2794347
5490560
6039829
1256309
7353560
9919329
7619076
548647
3918454
6363902
3565469
181365
1490389
5751297
9416457
7530951
7479719
4410255
4622392
7993736
6386722
1793072
7741342
4286221
762361
7978469
2643445
1012893
2021494
6921372
1643920
8047163
6085845
9782554
7816912
360907
7015984
5155200
9573849
2107296
6002032
1926383
7128959
84023
5348227
4988356
9612928
6328232
8423298
7437605
2142233
9684877
2202521
8795148
8737551
4512954
7873989
9448301
9923650
6146390
7573273
8081384
7528767
443663
2054360
6480396
2811962
1742496
4500295
5320134
3365089
5204991
1191749
2528907
1909542
5554668
435848
1940433
4012712
8048149
9820619
8330939
2907594
1165771
5214548
2718304
2337680
1270336
5680755
2276287
6097715
8684708
3836775
5998538
5139537
9654632
1233168
3306882
8852134
390630
6497538
1394034
8465926
2786614
6103510
1066809
5051372
8073010
4855065
7823455
5237986
6612529
7261655
8613952
4566689
4852928
5317306
2226861
9805061
3372798
414995
9113388
748745
8884767
8561123
8399514
1358652
6807067
388450
1466075
2024206
8580971
3648579
8412270
4445858
5910304
8832714
994446
7279019
2639342
4807808
3370184
5403516
1039459
8261318
7741638
629129
8429835
8277195
698462
5458036
2693844
7812421
7573531
4905121
5808043
1694137
8870463
5207460
3922368
6687989
8326735
3158521
3465082
4856178
4581977
9897350
688817
6797200
2796333
8622049
7214695
4790131
8151065
983778
1508022
6741409
9857451
4088228
5181632
6993781
3057590
8945299
2976507
2823087
431723
2023121
8439894
2074606
2807020
1236643
3115222
395065
8008765
7965996
5665491
1498601
2325927
3577489
1847784
5579814
4696750
1018607
1940731
6824544
2857783
1830799
8247029
9275121
1275685
4029816
589734
1682950
8206174
6666119
3907343
5534916
6605365
5950367
6073865
7540110
3122342
5518277
3987575
6715373
9043159
1262612
5023792
3453324
9159731
7502019
9575890
960714
2917096
2620603
4226703
4419932
1451718
3337705
5901136
1626934
1489643
8610768
6138777
8602375
6937922
4581245
6774848
8088968
7358457
8201663
2096512
7124816
4143463
6089484
1676583
3076570
184853
4187226
6103636
5357410
5281845
5114161
2813745
2277236
84645
9255667
8617277
583302
2850174
4469993
7822223
6026361
5131184
638760
3714085
9855020
3640647
1280300
9257023
2894734
4417018
7596483
7325028
8397587
7484024
7440295
2053501
3245997
6706356
1812004
3244080
3656691
2907432
6086989
4116109
2440390
7383177
6156460
1930789
7919113
5400876
4380933
2714144
1316998
5229301
6428721
5932898
3973134
6569228
5256862
5286294
8890057
8899846
1302327
108711
7156204
8670626
3314738
6294848
6897705
6428934
1732789
4542747
9199033
310473
518251
1669565
5388605
9236180
7212241
5716233
3520256
2406291
644470
6479367
5774980
8892228
7682753
1202226
6084531
9517300
5616054
1229776
4216077
2344435
7024505
4069453
5305672
3507107
3182103
4036957
696816
7362187
2066862
9753064
1187682
2305646
3316904
2019084
1862229
7035226
2147833
5921083
134280
3607930
8727921
8105281
72511
5874225
5893243
5841349
7730879
7878168
4334097
9000935
4235664
3652395
3498075
3837678
4589741
6571318
3589490
5740245
4766457
9776432
8276986
6551270
1374004
6852856
5808931
8622161
8959378
4789337
8606904
2050232
26027
7605892
2965424
3287684
8734324
9712463
2130253
1935251
4598120
7606304
2351966
4686585
8197062
2327036
4319890
9320051
5740667
5182017
4195366
8092335
6392862
2216182
3201467
1896400
7930068
242089
42380
6046218
7805441
608556
7300786
1022497
478521
4297276
4735254
7227708
7850259
584358
1793699
1747745
797325
3174901
1030386
710222
2642471
6131030
7090441
5653082
24506
2358325
1065621
9595781
8186943
8660392
4048314
7548889
7856535
1623114
8375951
1853040
7665678
2516909
50622
900542
7544305
933933
6386763
4771402
2070840
322730
7037936
6384638
4046485
4958779
3333616
4202379
275173
6464890
2841939
1514491
5996783
1000582
9127048
3357480
7314665
9555245
1542428
5415525
6240326
800947
3124203
2445440
1637060
3621510
2857557
8275692
6136648
65
03
98
63
39
34
26
14
44
42
98
26
40
92
25
27
50
54
70
14
58
17
90
15
72
60
80
04
71
47
81
37
34
87
75
36
90
53
43
88
86
99
33
30
32
89
97
80
51
40
30
48
49
10
81
62
64
87
61
09
95
79
61
12
20
81
10
77
81
70
30
81
84
04
12
72
36
91
75
10
73
04
74
31
25
62
23
33
85
87
65
52
61
94
78
81
42
08
77
49
42
75
21
64
88
06
59
31
23
74
92
71
36
18
29
06
77
98
51
99
94
46
72
80
37
81
45
60
81
16
44
67
32
74
32
46
55
34
40
06
13
98
58
43
72
44
86
10
27
77
70
59
69
87
47
69
40
31
35
76
17
02
14
42
47
94
94
65
38
63
81
65
28
22
59
08
77
44
93
94
38
66
28
08
55
05
98
08
36
69
17
26
41
53
89
79
54
58
57
71
91
61
75
23
63
42
36
15
91
30
96
99
67
29
72
22
56
55
50
51
28
26
87
68
87
75
38
58
41
98
47
52
93
99
28
26
56
57
76
78
99
76
44
96
91
43
19
81
35
13
42
22
27
20
64
04
30
73
38
35
98
39
84
73
88
30
21
72
91
67
33
66
73
00
42
26
50
14
55
65
30
74
86
65
18
20
28
74
15
58
52
19
69
41
36
54
92
27
11
72
88
44
59
31
73
87
91
26
84
20
94
09
53
81
45
97
61
90
46
63
73
84
38
37
71
85
35
60
22
29
13
85
87
54
18
30
86
51
55
61
57
27
50
20
47
34
60
35
77
75
23
12
15
29
35
36
87
85
74
16
59
44
42
48
70
09
77
53
96
70
34
78
96
59
42
52
40
55
69
64
58
24
67
30
91
23
29
29
19
75
88
44
39
10
47
52
96
90
56
83
21
85
51
38
96
66
50
49
26
75
97
14
86
63
49
28
19
03
68
84
31
82
64
68
39
43
51
59
76
53
75
56
13
35
10
14
18
83
12
81
27
48
23
75
51
08
49
99
83
49
57
50
24
67
69
48
62
84
45
05
40
12
71
25
43
82
57
27
47
80
98
67
45
20
21
65
24
03
22
56
54
61
11
80
80
25
74
11
29
15
31
78
85
89
70
57
44
21
49
56
31
19
47
12
99
36
92
72
14
89
92
21
79
24
17
62
62
17
89
48
78
04
32
09
23
50
29
89
92
12
21
30
97
20
21
28
27
35
36
51
96
80
12
91
93
97
36
04
57
46
35
15
97
47
61
52
39
70
61
79
34
81
26
82
90
40
18
80
68
57
89
80
82
21
84
20
73
33
35
11
35
05
65
16
96
94
67
03
32
10
64
35
92
91
15
92
54
17
82
56
62
28
63
27
33
02
53
55
24
84
88
70
59
45
61
32
66
32
28
67
17
08
12
07
61
02
28
77
74
32
21
60
92
97
48
22
94
12
90
69
29
61
76
86
88
14
42
87
78
74
44
65
89
21
42
73
37
25
62
25
25
16
54
64
68
47
19
19
88
95
78
58
73
87
67
25
99
75
87
27
88
63
74
27
94
54
33
13
52
73
64
70
23
76
63
57
83
85
98
67
92
26
92
39
53
52
20
25
40
76
91
22
26
45
67
73
55
82
61
57
78
42
14
98
77
42
53
18
77
87
52
91
40
47
40
97
38
05
70
26
14
78
88
74
70
12
86
92
46
52
31
73
12
32
96
85
22
77
92
06
15
74
80
99
15
56
52
73
28
05
59
57
95
77
81
41
44
77
23
49
93
45
27
07
94
29
74
36
25
14
32
04
80
80
38
20
78
20
22
13
98
25
81
71
13
13
53
26
99
14
53
25
94
72
16
10
42
13
18
15
72
72
29
83
76
95
94
93
66
55
65
10
18
19
58
32
44
90
71
97
80
81
20
60
89
05
58
03
48
26
94
50
72
38
10
20
82
11
53
75
18
02
63
41
78
47
35
74
28
25
22
72
83
61
76
39
78
96
31
73
19
95
57
25
84
78
17
52
90
19
62
92
85
90
72
82
18
46
25
40
17
47
63
69
84
51
90
97
16
46
37
26
41
64
97
07
62
29
93
93
47
33
75
22
38
09
48
84
33
39
91
46
72
62
78
04
31
04
43
07
65
20
29
50
72
71
85
63
55
36
86
46
22
95
21
87
46
81
79
28
51
24
63
49
93
13
24
86
51
41
33
73
65
85
92
51
78
24
54
53
57
83
10
63
98
77
79
55
11
37
52
74
54
09
66
28
27
23
93
45
50
20
61
20
29
82
22
74
23
99
72
97
38
80
23
89
34
49
33
45
37
09
25
80
80
42
58
28
97
37
18
90
99
32
11
43
26
84
11
50
29
31
40
40
40
83
75
81
35
18
49
47
89
70
53
19
75
14
43
85
55
75
27
50
91
33
22
85
76
38
12
59
35
54
12
69
63
59
27
31
86
46
33
55
20
51
68
92
77
00
77
48
92
40
27
68
60
93
14
42
76
33
85
87
20
65
51
54
80
46
59
80
97
19
83
52
85
94
71
71
66
84
52
03
50
45
17
16
47
12
92
67
74
23
36
55
91
20
13
99
40
93
42
12
89
00
60
08
98
35
85
88
78
76
56
48
30
22
72
41
60
74
26
08
14
76
33
74
49
75
63
42
34
62
78
80
87
12
19
12
50
44
23
62
76
45
76
61
77
87
84
24
46
81
80
17
30
35
40
19
85
45
88
76
44
14
18
74
92
17
54
96
67
89
36
34
55
26
86
89
16
59
66
40
31
39
51
33
90
59
49
31
28
68
89
05
77
40
33
98
36
97
42
03
94
28
95
46
33
79
89
07
83
28
42
18
33
51
80
92
74
34
81
42
13
49
36
56
98
02
83
17
58
81
79
78
82
98
82
69
43
96
46
37
97
12
44
30
97
42
31
31
56
42
20
47
23
20
16
82
25
04
50
54
34
66
56
21
49
98
32
09
47
03
24
62
12
29
34
94
76
15
78
08
51
37
66
97
27
57
63
00
30
22
49
66
58
06
86
02
42
46
72
72
55
36
80
11
19
15
82
80
54
31
20
99
64
54
43
44
97
17
56
93
32
65
36
99
68
83
91
30
43
74
93
88
73
38
11
17
59
26
53
32
32
87
46
58
84
58
59
36
27
27
83
14
83
86
66
58
59
35
21
89
38
84
66
82
63
37
73
11
12
33
74
72
23
06
31
06
97
18
66
27
16
83
16
06
52
17
86
27
32
33
34
37
28
17
45
72
45
28
49
94
42
63
38
19
36
49
67
23
94
70
41
24
40
12
44
84
21
61
24
48
55
54
30
03
94
16
77
93
74
41
65
61
69
15
96
22
43
32
39
71
50
34
23
99
61
81
31
53
77
11
21
34
71
27
15
25
75
46
38
11
15
31
34
90
93
87
22
23
21
32
62
77
24
50
32
80
70
66
62
89
42
51
45
82
23
63
88
19
99
51
28
29
91
32
59
52
77
75
39
33
15
62
53
83
42
80
18
10
21
33
11
18
90
62
56
69
15
71
90
89
35
35
55
91
36
87
14
03
49
13
50
70
69
30
35
86
59
67
94
19
93
92
88
41
49
80
39
25
24
78
90
86
55
14
34
09
45
49
80
67
60
75
61
72
89
08
26
26
22
64
35
56
91
84
57
32
79
51
38
99
62
28
34
26
45
31
63
51
92
32
40
38
59
32
68
30
32
66
20
47
14
73
72
04
63
20
72
78
24
86
19
21
88
56
42
02
82
78
83
05
32
67
69
92
92
76
34
84
30
59
84
79
41
99
14
81
20
55
28
48
44
02
58
08
24
92
33
25
94
37
19
91
84
87
41
22
18
54
68
40
68
70
48
84
38
80
39
57
35
04
65
82
23
08
33
07
70
59
12
96
52
08
96
22
61
18
37
63
82
80
62
57
63
52
69
75
44
81
54
84
51
03
51
66
37
71
10
61
30
75
45
14
38
46
94
72
40
01
65
71
87
48
27
72
93
85
74
69
46
34
41
60
73
84
33
44
97
16
16
39
19
67
20
78
58
64
59
63
40
00
45
43
89
15
42
68
62
29
37
67
53
87
88
97
52
67
79
77
16
35
73
09
44
70
30
90
49
65
25
70
47
07
77
12
27
17
25
11
70
28
24
94
25
73
98
14
47
14
46
93
81
36
93
48
22
62
71
22
57
49
47
64
33
50
64
59
87
37
76
38
69
58
40
41
69
52
74
78
75
55
36
23
15
18
11
88
61
27
46
24
53
16
41
92
81
40
90
96
92
59
57
19
18
47
73
52
24
90
93
83
75
87
41
50
94
72
20
90
85
25
41
37
76
57
22
16
42
44
72
99
73
81
85
78
20
22
99
10
20
69
41
44
50
21
25
15
79
42
24
81
33
85
25
68
49
77
66
05
89
65
85
81
54
77
38
98
12
72
60
94
58
57
74
25
70
07
60
22
84
00
10
88
15
98
51
72
69
02
66
76
92
95
39
25
81
24
61
74
62
88
30
11
38
48
10
62
54
24
46
99
96
91
51
10
48
59
37
70
34
11
77
39
73
71
80
32
69
86
45
81
74
93
55
75
43
16
69
57
72
06
87
79
26
13
61
59
89
42
39
77
85
32
53
99
99
11
43
84
45
59
91
45
39
76
36
80
57
81
38
36
72
90
21
48
39
05
12
87
68
16
36
46
98
68
56
92
36
22
66
24
27
85
22
99
81
02
75
99
97
60
48
78
30
93
38
78
89
63
85
55
66
09
44
44
42
42
39
69
62
86
45
75
82
33
50
75
57
44
18
21
86
45
40
87
23
46
81
73
93
92
54
51
68
60
15
56
39
71
58
60
69
79
31
69
98
71
61
13
78
93
20
79
78
57
43
42
17
80
84
17
37
60
23
46
16
27
13
66
20
88
23
21
74
60
62
31
61
95
34
22
41
14
62
06
90
48
17
68
28
04
44
00
55
35
57
58
27
22
36
53
45
83
94
84
31
88
66
33
33
03
27
23
13
15
52
54
82
61
18
52
86
77
80
01
57
12
30
55
41
65
59
72
12
47
74
64
25
75
32
22
79
80
22
26
58
30
62
56
24
02
86
37
36
86
36
09
45
92
73
30
87
21
29
85
63
45
62
33
31
37
38
85
78
29
72
07
20
83
92
55
44
08
66
56
32
82
81
32
28
37
40
42
81
48
19
51
17
50
76
30
76
53
79
27
97
63
57
12
77
93
36
66
25
03
82
94
93
23
17
67
73
63
57
25
59
43
47
12
82
89
21
66
75
62
26
48
21
19
27
18
96
57
13
56
64
66
45
65
35
29
22
47
71
46
43
60
37
87
51
11
53
14
43
38
38
43
93
59
47
68
50
42
43
53
64
45
85
77
88
39
37
10
45
27
54
68
70
20
86
56
19
03
97
76
47
53
26
30
20
64
11
57
45
78
91
64
48
84
79
75
20
10
46
59
77
69
34
83
56
44
98
43
91
38
29
88
66
41
13
34
21
05
55
60
60
87
30
45
32
89
56
58
98
59
17
83
56
30
15
27
88
30
49
52
84
58
14
61
79
40
83
01
49
22
10
35
21
92
19
01
45
51
42
53
10
20
96
43
26
06
35
78
54
00
94
39
53
63
17
23
42
03
32
71
72
65
64
75
42
41
55
17
23
90
17
98
43
24
64
30
25
27
67
14
16
30
38
79
32
13
84
85
73
80
40
30
25
34
12
87
83
83
13
06
89
49
19
03
16
18
83
49
76
06
76
11
82
80
97
49
18
46
78
45
55
59
75
34
36
09
59
03
33
54
48
96
62
49
22
31
80
36
51
97
41
53
46
71
70
24
67
09
18
87
85
17
87
64
70
38
28
02
54
08
31
48
37
03
66
85
92
57
72
05
40
62
20
26
10
78
85
95
20
11
67
17
32
92
51
90
19
24
26
87
11
55
41
52
21
92
17
07
19
10
61
73
48
66
64
58
88
35
52
55
30
34
75
76
87
67
22
28
49
21
97
68
36
11
91
61
94
24
13
35
64
01
92
82
79
95
77
16
57
52
86
49
40
70
45
80
24
17
96
80
53
44
17
76
65
40
79
71
51
33
37
66
89
75
90
28
94
51
56
54
26
42
57
20
74
49
92
77
31
87
62
31
64
09
22
43
31
35
66
70
80
99
98
22
53
31
65
16
77
53
79
74
34
54
16
06
18
34
84
05
88
57
91
55
14
35
13
92
94
71
61
61
73
04
19
39
45
06
38
27
51
50
52
49
46
59
75
59
18
76
26
04
91
90
20
37
39
18
85
39
53
47
16
73
47
61
11
56
71
75
17
32
59
61
89
58
59
94
93
27
27
60
82
12
90
39
37
90
41
24
66
19
21
42
85
43
57
09
50
20
21
14
29
27
56
87
83
45
57
04
47
09
14
40
13
60
57
69
17
29
27
36
17
67
25
91
77
86
22
36
33
03
19
67
59
89
29
75
50
93
63
07
59
28
44
10
48
38
20
14
75
21
41
96
85
93
42
57
21
81
82
50
49
16
74
84
29
15
35
10
40
28
84
06
20
75
97
90
47
74
30
40
96
44
78
39
64
47
19
32
51
29
86
03
12
84
46
90
64
42
79
39
69
21
72
41
83
13
87
19
39
67
25
35
68
44
23
19
58
68
92
17
14
20
18
12
25
35
18
34
44
47
52
77
34
36
97
00
17
11
59
34
48
62
79
02
69
61
51
07
85
98
87
07
37
82
27
25
41
06
45
60
11
92
29
78
98
53
54
86
28
23
99
96
67
53
22
88
56
67
68
90
36
95
81
35
89
09
61
68
70
91
61
27
98
18
50
37
27
04
25
18
20
52
66
01
36
71
46
79
34
32
10
30
69
54
36
76
40
42
55
56
11
32
38
24
46
43
85
88
76
69
36
68
28
93
61
52
76
27
48
59
19
61
17
85
85
19
54
52
59
72
95
03
46
11
47
24
49
94
20
73
47
73
60
25
46
61
14
95
37
50
33
11
55
97
61
01
82
62
51
20
90
20
61
25
24
12
79
08
95
05
99
33
57
33
71
37
80
79
97
26
54
75
10
49
71
08
34
95
61
77
10
21
56
39
43
25
96
99
59
17
62
89
55
93
96
39
32
37
68
37
10
10
25
01
87
38
96
19
94
97
63
44
22
59
95
49
26
13
67
16
41
22
14
87
89
66
91
50
88
54
20
27
90
69
83
74
12
94
23
83
77
18
54
42
95
53
27
83
62
40
24
95
27
06
98
19
44
65
12
92
55
89
10
82
65
32
84
76
37
28
35
01
75
63
58
08
13
06
75
46
99
24
90
06
69
81
10
48
27
31
48
67
13
50
60
63
35
64
70
51
77
65
31
92
93
78
36
67
46
96
54
67
20
00
48
54
79
34
57
55
86
94
67
91
23
10
11
10
65
34
31
90
27
43
82
95
97
02
12
22
10
01
86
12
14
45
81
01
42
18
40
79
25
18
39
75
44
43
16
21
13
53
62
82
28
22
96
32
90
57
82
36
38
13
46
33
52
56
68
01
77
92
37
68
55
09
11
16
22
19
81
69
24
89
81
67
23
40
68
86
10
21
79
16
60
89
19
63
63
17
68
97
37
01
83
20
80
44
41
73
39
96
94
12
13
39
99
32
70
67
16
87
14
78
55
01
71
76
90
89
39
87
72
32
98
29
25
65
25
38
47
55
39
74
99
33
34
17
97
36
96
35
46
88
65
92
23
29
88
47
14
98
31
74
64
95
36
68
90
37
48
06
42
68
85
16
48
77
58
11
11
19
92
93
39
51
99
94
20
86
75
01
31
37
50
02
76
94
43
69
70
39
11
30
11
07
88
50
44
25
17
75
91
29
60
79
37
33
58
51
14
95
42
85
24
79
68
13
76
02
70
48
81
43
62
81
77
94
49
69
72
38
59
98
15
54
41
80
98
13
24
42
30
39
14
63
33
80
15
45
90
98
83
26
31
24
11
84
41
18
74
77
63
98
46
32
51
37
20
27
75
98
95
22
72
73
57
85
66
47
55
13
95
50
47
87
26
50
71
74
68
24
84
40
44
83
36
63
88
79
55
21
93
60
92
30
60
70
89
61
13
67
23
09
78
33
88
41
79
07
85
40
96
84
68
29
62
17
86
54
41
83
32
05
53
72
82
94
61
93
77
50
78
07
55
23
19
17
98
89
84
83
80
44
91
92
96
11
27
40
17
33
17
58
56
79
25
76
21
81
21
84
62
00
15
55
36
76
97
43
54
42
79
19
95
43
26
34
46
76
31
48
39
48
73
09
73
29
54
37
88
23
47
08
25
53
63
35
11
33
37
98
91
19
39
35
46
76
32
60
26
07
32
15
59
48
20
33
48
58
62
19
73
70
22
59
18
87
31
64
23
67
18
90
74
34
12
07
68
68
66
40
66
73
76
79
90
73
46
97
62
92
84
88
99
89
99
97
13
60
71
57
89
05
87
60
97
72
60
23
66
08
64
72
44
53
92
91
92
72
23
63
62
06
30
98
55
86
31
48
55
93
38
10
37
54
19
78
73
56
77
09
36
11
72
61
10
99
18
80
57
32
26
43
86
02
36
61
59
86
77
14
13
75
99
50
14
19
94
83
67
37
68
60
55
86
65
31
71
66
53
90
46
85
43
49
42
29
52
16
98
93
34
75
48
58
19
72
23
87
51
29
97
06
94
47
81
68
21
35
34
19
74
40
95
56
33
31
62
88
44
64
17
99
29
00
37
86
26
79
60
25
82
12
13
66
19
46
33
78
75
55
82
37
28
56
11
52
21
00
22
55
15
13
67
37
84
11
34
89
51
56
51
93
81
80
81
24
54
19
57
35
15
07
16
23
10
84
24
28
49
03
11
97
34
54
70
22
18
72
99
22
91
24
46
79
25
91
19
68
44
85
87
68
35
02
65
22
54
58
15
22
65
77
74
32
23
52
65
36
34
02
71
85
66
00
97
22
89
88
31
63
73
40
55
80
62
66
85
23
45
54
31
73
89
60
80
33
72
24
68
44
14
60
21
90
11
12
95
07
10
97
84
16
32
85
10
83
98
82
29
43
42
60
76
30
20
99
10
39
41
54
28
27
66
73
95
48
19
60
14
31
90
39
23
33
87
85
42
84
65
00
34
11
53
06
38
29
24
16
93
95
87
85
26
78
22
69
75
19
93
31
67
74
69
35
43
58
55
25
97
46
70
86
89
91
82
21
60
61
60
39
99
05
83
13
91
21
49
84
25
81
67
06
13
71
59
11
47
20
10
95
28
13
95
70
45
91
82
83
54
85
83
26
29
85
22
03
58
76
73
30
71
98
91
88
27
91
17
66
50
87
51
11
54
17
69
04
93
44
30
88
51
41
58
39
73
13
34
58
45
70
83
67
16
87
36
91
68
80
84
91
40
60
40
77
14
56
85
18
85
70
24
46
57
88
55
32
75
29
29
17
29
12
51
50
12
10
69
37
48
63
66
44
17
78
47
12
30
94
59
00
94
11
66
67
90
61
35
00
88
24
31
19
94
18
13
32
31
01
50
31
40
46
67
98
86
99
11
23
80
71
96
38
14
63
45
96
35
72
67
65
75
99
41
87
28
13
48
98
81
32
20
68
28
84
18
92
27
55
84
30
21
61
14
11
89
14
56
88
63
49
13
65
81
88
27
59
85
20
90
68
96
90
23
31
92
32
87
10
99
00
45
67
26
55
11
55
98
30
99
29
14
90
45
40
32
30
29
47
66
13
45
85
81
86
40
52
12
89
60
27
22
18
91
24
64
10
81
70
62
71
57
86
53
39
79
73
38
71
65
55
46
94
44
10
36
32
43
66
15
31
46
79
38
54
84
01
61
83
32
42
95
72
31
23
52
65
66
16
51
12
24
14
87
93
58
48
73
46
46
34
54
61
75
61
61
76
79
43
41
78
48
99
81
64
13
89
11
37
89
04
93
73
48
20
57
58
24
96
42
79
51
81
28
59
96
31
86
01
75
24
30
06
73
78
12
31
47
74
64
90
16
50
85
54
13
78
12
12
63
18
27
85
49
54
30
05
53
17
62
04
11
20
26
61
90
18
39
35
80
57
77
65
83
86
13
91
13
77
25
43
56
61
24
88
19
30
61
93
45
53
99
16
69
43
58
30
82
23
61
90
55
47
90
88
91
51
54
15
66
86
70
19
32
13
26
41
26
86
50
26
90
66
39
67
28
17
49
58
22
87
88
81
33
66
79
71
48
18
12
44
27
99
20
91
16
72
82
63
93
50
95
32
30
48
16
64
47
58
70
26
99
01
30
20
73
32
92
25
39
51
67
50
70
94
74
40
31
60
50
05
30
28
52
93
55
89
53
43
26
04
30
44
33
33
93
03
66
40
18
84
20
71
92
10
98
33
76
27
31
11
10
85
47
45
28
52
67
93
47
20
78
05
84
16
12
74
89
60
37
39
51
98
19
04
54
71
66
01
23
44
59
24
32
93
84
07
75
08
51
82
97
50
48
34
26
03
71
09
90
57
70
40
58
25
17
86
60
75
92
90
35
24
74
60
75
63
51
29
47
99
83
39
58
26
98
90
23
78
62
58
79
58
73
93
43
37
27
16
12
77
75
93
80
37
14
73
92
44
53
51
11
90
50
34
87
28
18
49
92
43
69
61
43
54
58
36
81
05
86
27
27
17
74
73
86
62
86
00
79
47
11
83
37
95
16
01
26
82
96
20
49
49
76
33
22
09
49
42
58
94
73
77
78
99
50
70
91
77
46
34
85
92
34
48
18
90
45
81
73
23
43
39
78
03
64
56
98
93
77
95
76
11
30
01
50
83
98
52
48
03
55
88
66
95
46
70
57
20
85
52
90
29
47
12
81
25
51
75
82
70
19
11
78
44
50
53
23
22
27
15
60
63
44
04
70
39
17
04
17
45
69
05
18
91
13
47
45
67
57
43
72
79
10
19
97
01
33
40
31
54
56
17
39
62
57
93
21
12
11
65
11
26
74
05
13
80
77
70
69
18
50
92
98
95
44
17
15
58
16
72
35
68
31
75
84
40
61
19
57
10
77
50
64
77
83
52
42
89
66
03
38
85
56
26
46
06
46
12
24
28
46
61
47
25
76
16
30
64
74
89
18
49
22
45
93
87
24
19
53
69
25
55
41
07
89
53
63
38
90
75
63
41
48
86
68
38
69
20
60
54
13
64
10
71
77
71
67
81
57
77
12
63
40
98
40
47
18
12
69
27
19
04
53
31
70
14
80
52
94
72
57
59
38
75
94
95
31
19
77
33
85
70
68
19
72
59
66
68
36
60
19
17
50
09
80
04
70
03
50
86
25
49
96
86
94
08
55
55
46
95
80
30
63
62
70
11
59
88
18
14
58
13
11
69
40
25
76
48
23
91
26
99
31
14
95
11
52
25
27
53
83
40
67
14
95
37
54
86
38
10
36
82
85
98
30
12
80
87
11
87
92
87
44
93
32
02
28
40
10
17
93
61
43
25
53
48
83
54
41
79
75
08
43
64
82
89
67
30
81
62
11
70
33
91
16
78
53
41
78
99
56
02
14
91
90
16
75
93
68
05
36
83
28
41
36
00
32
10
84
35
90
31
99
35
78
28
91
16
78
80
87
15
52
76
36
54
80
67
37
29
79
70
24
14
29
64
28
22
25
50
55
40
39
64
45
90
36
80
56
49
40
20
92
78
24
86
68
63
59
96
95
54
78
06
35
05
64
28
51
07
63
98
86
10
70
27
25
24
62
24
74
89
84
99
92
28
45
90
29
77
34
47
50
07
46
82
68
24
18
76
67
42
85
02
62
95
83
18
25
88
36
06
50
77
88
27
29
27
41
70
46
74
12
22
80
27
86
09
84
87
56
58
85
43
97
32
93
46
37
05
51
80
15
75
95
26
13
32
52
87
43
79
90
59
64
37
64
20
61
46
29
48
56
96
23
05
83
63
60
17
81
29
18
09
15
82
44
62
46
54
55
21
84
89
16
98
91
66
23
69
59
93
52
05
10
88
92
52
97
15
23
04
26
75
72
03
87
76
62
13
45
90
91
26
13
97
51
62
18
96
18
50
32
73
32
19
90
61
73
65
21
60
88
78
12
75
38
75
12
84
87
42
89
16
16
22
20
12
15
71
82
21
97
35
45
73
14
67
37
41
35
70
91
88
37
05
28
46
51
59
59
74
10
95
95
40
51
34
15
22
74
57
65
69
41
03
38
78
62
94
64
87
11
84
51
23
65
11
34
86
62
55
29
04
93
98
54
21
14
49
89
77
44
74
58
80
82
54
77
83
67
83
42
07
42
61
40
64
11
57
90
98
25
36
16
40
46
77
86
56
49
91
32
78
59
49
13
17
83
85
16
28
36
69
63
02
65
67
17
71
94
71
39
93
98
80
29
05
45
09
34
02
43
81
68
82
46
68
90
20
30
27
60
46
89
72
33
06
51
49
33
31
14
08
16
18
70
38
58
57
53
20
67
45
25
93
34
49
17
61
85
62
62
06
91
43
25
32
23
38
63
80
49
79
93
45
33
51
87
78
65
76
23
37
21
66
22
66
53
31
63
67
61
25
39
34
61
97
96
67
20
49
62
69
84
25
41
27
98
85
29
87
20
21
47
13
67
20
67
46
85
52
37
61
49
66
19
16
33
45
66
76
18
78
12
57
97
35
69
62
80
63
11
14
47
85
66
89
20
43
14
01
67
34
24
95
66
29
24
12
86
38
74
72
61
76
36
20
50
83
22
81
35
39
85
94
76
01
28
00
94
91
81
04
59
41
77
95
81
65
98
38
51
33
65
75
57
28
87
15
41
29
27
68
83
61
65
30
86
72
91
05
25
13
47
45
47
11
96
04
19
62
46
98
27
98
22
60
68
21
13
52
93
88
88
12
88
30
68
40
56
88
64
47
15
53
92
92
68
92
58
86
31
30
57
59
77
58
23
03
28
98
77
07
72
58
63
49
82
58
37
21
94
23
93
84
42
94
44
70
19
42
29
84
52
24
16
61
33
89
16
93
80
97
45
04
73
85
65
15
78
46
92
46
82
46
98
99
23
48
35
08
87
29
36
24
29
39
77
19
81
23
11
24
601
64
18
58
69
70
85
48
71
99
85
68
94
71
89
42
98
77
15
28
72
48
76
22
20
72
29
63
38
95
93
19
70
47
75
61
87
53
98
51
72
77
85
56
81
64
66
23
76
92
81
33
42
15
07
58
94
43
23
90
75
98
81
74
13
44
12
78
01
20
53
16
75
97
56
60
20
15
09
84
83
24
88
24
05
55
23
90
90
92
79
46
11
18
18
44
84
52
99
11
77
87
38
72
05
34
96
61
06
21
97
74
88
13
92
18
88
79
66
92
96
32
70
62
10
46
84
24
48
37
55
76
33
15
02
21
61
65
77
87
26
34
15
78
30
51
17
31
82
11
67
99
13
57
25
91
40
86
55
40
74
40
99
47
66
27
23
13
69
28
22
71
95
45
21
57
79
49
28
43
82
58
74
71
65
86
63
74
47
94
10
83
71
71
15
69
46
90
67
60
50
71
08
12
86
74
14
81
73
51
31
44
34
43
70
85
03
96
34
11
67
25
70
98
70
90
41
56
68
40
33
75
88
26
59
35
26
56
04
58
38
44
71
19
58
44
97
10
14
97
66
73
77
79
01
74
26
66
42
16
64
71
23
85
83
18
85
90
40
53
96
52
99
56
74
43
04
44
07
55
56
63
38
43
30
14
84
20
77
84
77
71
61
73
93
40
92
48
95
19
88
45
42
51
76
10
20
74
63
68
03
27
60
46
98
26
29
71
30
28
35
65
85
84
34
69
00
75
16
69
75
