39
17
75
76
78
75
6
60
92
3
15
78
21
93
48
66
36
52
67
1
36
20
31
66
13
35
37
47
69
18
62
68
6
93
36
83
18
19
9
85
30
82
14
35
38
5
58
8
53
94
1
85
40
69
46
21
19
69
66
53
74
94
91
44
3
56
86
58
37
20
24
36
29
6
100
23
39
81
14
4
4
92
86
54
12
46
43
78
77
92
88
94
58
82
41
72
14
86
76
58
72
26
25
28
42
44
18
87
70
45
88
13
21
9
5
69
21
97
16
21
22
7
49
29
61
48
55
95
48
33
39
85
39
3
42
79
2
89
45
9
15
32
73
51
97
92
88
54
18
27
72
15
80
62
17
28
38
20
86
38
74
52
77
26
93
20
26
63
6
3
34
64
10
82
11
41
46
21
11
57
13
100
1
64
76
100
46
39
96
82
26
70
88
65
73
32
22
65
37
85
41
83
81
97
94
62
38
100
64
76
22
31
74
62
89
99
67
39
50
81
47
15
72
5
91
38
27
12
58
78
62
84
20
45
22
29
77
1
54
42
37
39
92
46
57
87
37
97
92
76
15
59
96
44
5
18
6
95
23
57
18
15
58
58
52
44
50
84
35
68
25
14
59
11
87
26
56
60
20
13
51
9
26
6
47
24
2
91
14
52
12
90
67
35
12
11
35
13
58
45
31
55
100
51
85
59
74
8
78
67
62
48
18
95
27
48
34
43
72
83
9
70
29
32
6
11
38
36
70
26
8
31
62
3
59
59
99
87
37
27
49
25
44
35
59
24
100
100
81
55
10
22
91
45
25
9
90
65
87
10
6
90
30
4
25
43
87
21
18
33
37
27
37
31
26
52
97
23
71
76
85
33
90
30
74
13
35
66
64
35
92
22
8
60
31
95
18
59
70
29
11
91
80
94
4
32
3
62
87
85
45
37
24
48
65
62
22
87
63
22
28
57
33
25
47
76
49
58
55
89
16
46
52
56
20
20
84
30
85
76
20
16
57
52
87
82
9
77
9
10
94
37
24
77
24
9
18
33
14
51
17
37
2
79
90
93
84
84
84
3
99
40
55
18
57
95
36
50
73
37
9
46
34
15
56
90
34
7
82
66
47
41
18
21
49
94
49
37
21
68
12
53
13
51
74
90
16
54
87
60
69
20
3
81
70
20
23
4
24
13
35
68
77
27
2
34
15
45
50
14
78
86
26
86
99
93
59
54
56
82
17
94
82
69
15
64
60
32
87
19
16
39
99
27
84
3
62
47
18
31
62
83
1
47
12
4
100
100
100
7
9
54
98
11
1
60
77
61
42
13
59
46
79
92
38
96
69
27
90
15
85
80
76
12
58
42
87
36
41
48
23
2
93
67
56
79
83
99
10
40
77
8
15
43
49
69
4
78
48
35
40
33
23
53
98
72
90
51
22
81
54
63
44
47
24
50
51
31
33
36
40
79
6
67
39
73
68
87
99
43
69
61
31
94
12
78
79
57
87
80
99
89
33
66
53
34
46
7
89
45
16
17
30
1
41
93
77
93
50
32
72
67
58
98
62
86
35
9
61
34
88
22
82
54
9
29
12
91
85
88
49
50
91
47
43
33
79
14
38
67
72
37
35
99
88
74
61
10
18
5
49
10
2
40
24
43
59
69
91
58
31
75
49
55
70
90
28
88
33
81
100
2
89
81
4
49
70
53
52
23
6
36
14
31
66
80
89
43
26
59
20
94
49
100
20
7
3
85
29
73
2
93
51
9
74
17
66
3
75
70
53
7
55
21
9
100
13
3
6
35
80
68
67
99
2
87
20
69
88
93
24
26
55
40
55
90
87
18
74
65
77
83
95
59
62
80
26
28
74
50
47
96
93
22
49
70
14
20
66
28
3
62
86
73
44
81
41
51
62
61
63
18
20
48
69
13
5
18
64
2
7
20
24
20
40
93
54
75
50
33
91
24
69
30
65
11
42
37
14
37
24
18
90
18
15
28
96
78
16
30
29
81
40
88
22
69
33
14
100
61
20
24
25
7
31
36
4
16
4
19
99
95
32
91
4
8
56
21
19
14
82
37
59
18
53
35
44
47
66
17
15
77
14
1
7
14
71
70
72
79
58
70
100
62
40
58
39
56
64
12
28
15
63
41
69
7
74
12
95
100
3
93
42
26
53
47
15
81
41
41
26
64
14
42
92
74
92
48
28
20
60
52
5
37
41
6
28
52
6
22
75
40
72
88
67
46
77
10
24
65
18
70
96
92
3
92
37
4
36
45